1.6879
3.6405
4.1639
4.0321
4.5518
3.7225
1.5308
8.697
5.5483
1.6282
2.1318
3.7688
1.9466
0.4104
4.5197
4.7468
3.9807
6.5489
0.3613
2.7955
5.1791
0.8171
3.383
6.309
6.3098
2.7728
5.9393
2.5122
0.3535
2.5768
7.6876
9.7538
7.6525
5.195
7.4983
5.8461
0.8198
8.9218
3.0196
2.475
0.9065
1.3999
5.6009
7.2639
8.1909
9.8363
3.4903
7.1155
3.2921
0.0172
3.849
9.784
0.3302
8.1172
7.1011
0.5449
9.8992
9.0
0.4572
0.9256
8.1648
3.2047
3.7614
6.6884
9.524
2.7211
9.2579
7.1012
8.8082
8.7704
8.4551
8.0748
7.9224
2.2852
4.251
3.248
8.3311
8.8087
9.9012
9.5472
7.4035
1.1973
5.8111
7.821
4.7428
5.0621
8.0339
0.6855
9.3083
3.2852
9.9368
5.4902
6.3813
0.0301
1.3985
3.9932
2.4108
6.7547
0.4178
5.2729
2.1251
8.8906
1.8809
8.655
9.2033
9.6428
0.9433
7.4254
8.2156
0.4421
6.7123
8.1788
4.7387
8.3789
1.7746
0.2995
0.6021
5.9045
2.8797
5.7499
5.4022
3.0581
1.8756
8.8259
7.9812
7.9899
2.7056
2.4897
4.518
4.2053
4.463
0.0977
8.3753
0.3227
4.0829
3.9587
9.7291
1.808
5.7823
0.5848
8.8973
2.5307
9.1168
1.64
5.1184
5.8547
9.6332
3.4696
9.2325
8.0753
1.9748
4.8365
4.6936
5.9081
5.2136
1.6518
3.5452
0.5963
2.5921
8.1178
4.3901
2.3581
7.9347
4.1798
3.7245
4.676
6.6688
9.0783
2.2487
7.1625
5.6935
6.332
2.7128
7.955
0.4308
1.8851
4.2833
8.6915
5.9634
3.2457
7.6728
2.241
6.4645
4.1613
7.5667
4.7646
5.2855
3.3009
1.8237
1.3062
4.0997
7.7884
1.8674
3.1666
1.5867
6.4302
0.4388
8.7281
0.2163
2.0883
0.6918
3.9225
8.5868
7.1806
3.822
3.1541
0.7755
1.5113
6.4618
0.6707
1.0007
2.1211
5.9542
7.8165
2.8343
8.3694
5.0749
0.9337
2.5097
5.3588
5.0837
9.6076
1.0439
3.8021
0.2813
9.1052
1.2332
0.1942
4.7198
6.959
6.518
2.7345
8.5864
2.055
1.6816
0.0107
6.3657
1.2714
4.691
9.0879
6.8139
1.4505
8.1567
1.7934
2.2391
6.2782
6.9589
3.5924
5.0977
8.5337
9.292
9.8256
3.8462
7.6684
7.2312
0.2652
9.1641
4.6638
6.8687
4.8307
8.8794
5.1225
7.559
9.8915
2.7207
7.8546
5.2167
6.767
9.199
1.1634
3.3625
2.3468
1.5714
2.2724
1.9334
0.4212
7.1902
6.2682
5.044
5.2827
2.602
6.2249
6.624
0.6182
1.4183
4.6036
5.7935
7.5752
8.5331
2.5347
2.4636
5.6018
7.6696
4.3578
5.8333
3.9461
8.3907
8.1509
8.7694
6.7207
5.5191
5.7016
0.2907
5.0976
2.6349
6.9278
5.9902
3.8909
9.5373
5.4359
2.0566
9.35
0.2932
7.8021
8.861
4.0002
8.8539
6.638
2.3143
9.7976
1.9049
6.9125
9.902
1.1494
4.6308
0.3138
9.7541
2.5175
4.641
5.2994
1.798
6.7896
4.2189
0.0037
2.0268
6.4603
4.392
5.4616
9.2265
8.7529
9.6457
8.5915
6.176
3.8959
9.9421
0.7011
1.9205
8.1947
2.7332
8.3963
3.2341
5.5326
9.1223
2.4954
4.4316
5.7833
7.8218
7.9736
8.9589
5.0976
0.2215
0.3549
3.7001
6.3753
4.6285
9.4709
0.2874
8.1657
3.3335
0.4511
2.7275
9.5323
3.646
2.2881
6.3424
7.7716
0.4403
8.6358
3.5334
4.3585
8.4362
9.2672
2.0319
1.5738
1.4715
8.259
5.1372
7.4409
5.001
0.9883
5.7144
5.7462
6.7081
1.7326
5.0066
0.2716
1.1627
9.0823
8.0393
7.8875
0.8608
5.9475
7.7624
1.3596
2.8695
7.722
3.2521
6.3574
2.466
6.4081
7.03
2.7251
3.1114
7.9378
5.63
6.3243
6.6151
2.3393
9.5536
6.265
5.6539
2.6865
2.4404
6.3683
9.0447
1.9293
2.7438
7.824
1.9385
1.7201
0.3667
8.1572
8.5749
1.4688
6.2392
1.9869
0.4425
8.8865
7.2442
3.9329
5.4093
2.6624
2.8791
9.9175
3.0865
7.9793
5.1168
6.0489
2.0933
1.7758
4.7226
2.4694
3.3027
4.6793
0.4381
8.2405
0.6878
1.9483
8.5589
6.3362
9.1151
3.5687
0.8194
5.3749
3.768
3.6029
9.8805
1.1759
6.7224
3.2932
5.1075
0.2466
4.2208
4.3537
9.3879
0.3531
3.6798
2.8063
4.9146
7.1638
2.0011
0.994
7.2247
0.2056
6.7049
8.6285
4.916
7.4885
3.7229
7.6779
2.8076
2.1617
2.4333
9.1901
9.7707
7.0383
6.2607
1.9525
4.3496
7.8358
9.8788
1.3428
1.0183
5.814
1.5134
1.1248
2.3518
6.7033
3.5189
0.7115
1.3237
1.9975
0.9257
6.0639
7.1134
5.7912
6.2114
5.4773
9.7047
0.5814
4.3472
0.2499
5.0741
5.1412
8.2015
2.969
6.6214
1.1589
8.9313
3.177
4.8189
5.3504
3.6928
3.7324
0.1758
6.4862
1.8819
8.5667
2.3724
7.5484
4.6342
5.7408
6.6811
5.289
8.4889
1.6301
7.4762
9.2718
7.3461
1.4746
1.7635
8.4521
8.3116
4.1686
2.9269
2.8862
7.4689
0.5781
0.5458
8.0623
9.8572
7.7762
9.3783
0.4824
7.5514
7.3097
2.4074
9.4526
8.0494
8.9366
3.7384
6.8299
6.2421
3.4393
5.9121
8.8032
0.0263
4.9982
0.9173
7.5722
0.6018
1.7044
0.668
7.1755
4.5374
9.4138
5.7661
1.294
1.7851
0.8969
9.502
4.9136
1.6839
4.0664
9.0972
0.2947
9.1846
7.1476
2.017
2.514
5.6727
4.8209
4.2464
4.549
9.8194
6.5377
3.7588
6.463
9.4959
6.473
9.7616
4.0418
6.1906
3.6858
0.3083
9.8159
8.2179
3.9225
3.3714
5.0676
5.1404
5.1391
5.1221
0.8602
1.5121
8.1417
8.6991
5.7847
0.6539
0.6355
6.1118
3.7478
5.7614
9.7562
1.449
1.5749
3.1551
9.6641
5.6211
9.5721
2.1217
8.5984
0.836
3.9656
6.562
2.1579
9.9621
2.6034
9.359
9.8613
6.4902
1.2609
7.579
5.8867
0.0897
7.7051
5.5716
5.7674
3.2698
4.1797
9.0093
7.5214
2.9243
4.3915
5.3948
4.2067
8.9687
2.2641
0.5814
7.6864
4.9101
1.0456
2.8116
2.3043
2.7815
1.8989
3.0982
7.9469
6.877
0.391
6.9667
6.5953
8.624
3.3048
3.9764
0.1938
2.0172
1.4773
0.4228
4.868
4.1999
1.6488
3.5749
8.6359
0.704
1.0133
7.3753
1.0074
3.4441
2.8573
9.9045
7.0865
6.0395
3.2502
8.7414
9.6798
3.6893
8.1692
2.7447
4.1304
3.7335
1.2894
0.9479
4.792
3.1982
5.7444
1.0675
0.8412
3.0165
7.24
5.9416
1.1837
2.8652
7.0888
6.3256
3.9637
8.8296
9.2468
0.991
7.5395
6.5545
4.8834
5.3188
1.5515
6.6155
6.6617
7.0491
0.2635
6.8504
3.7741
7.3865
3.566
8.1138
1.9028
4.1138
3.9059
5.6544
4.4918
7.6732
1.0243
7.8552
9.9886
2.9735
5.7332
4.5895
1.6844
9.1947
7.7027
7.7813
3.9029
8.1985
5.1949
8.7004
6.9372
6.7386
2.9549
5.5413
0.8545
7.4188
9.7342
2.8092
2.3839
3.9469
7.5105
7.1223
6.3477
1.8226
7.8022
5.6716
3.8494
3.6255
3.61
5.382
4.8982
9.822
2.2448
7.2001
9.1497
3.321
7.3861
9.9863
7.4155
8.7807
0.081
9.3157
1.8689
2.8268
4.4976
6.867
8.4804
9.2237
9.2303
9.6134
8.563
7.1179
5.6607
1.964
2.8524
9.6959
1.094
5.7217
4.7365
7.6139
3.2491
4.359
6.323
8.4633
0.3779
0.4274
1.2748
8.0498
3.4273
8.2203
7.8112
0.6102
7.6095
8.8497
3.6901
3.2642
7.6818
7.0712
9.721
1.3559
6.4432
5.8115
4.6331
1.8829
0.7456
7.9792
2.707
6.7416
1.5191
9.3126
3.6907
1.2219
4.8658
4.2856
3.0727
3.9044
9.3445
9.8902
3.9175
7.5171
5.6176
4.4559
5.6533
0.3131
8.7019
4.4152
6.3673
0.3512
3.6416
5.3622
1.6699
7.37
0.229
3.339
7.0812
6.3378
5.3103
6.3868
8.2509
8.0138
1.485
8.7626
1.2067
9.2861
2.0249
9.1643
9.0371
2.9582
2.9986
5.9206
1.7033
0.6196
7.6705
0.5758
0.894
4.5318
0.0694
9.1564
2.8276
0.8318
8.8461
3.0331
0.1966
4.3473
8.9007
9.7812
8.0502
3.9531
9.2734
2.9661
0.9329
5.5468
0.149
6.497
9.2767
7.8101
7.2706
8.2899
8.9807
3.6728
2.9213
1.0501
7.8599
8.6398
9.9086
0.5083
6.8312
0.1681
1.0956
4.2258
8.8355
1.6771
3.3476
7.596
1.6415
3.5114
8.1102
3.3023
6.3098
9.6778
4.9335
8.4391
5.22
6.3194
0.5584
4.9321
3.1136
4.7885
4.3361
3.9296
9.2256
6.4003
0.9305
2.2898
9.6038
3.9355
5.9128
1.9858
1.2178
8.3538
4.5408
1.8066
8.275
5.3038
2.7476
8.3898
1.2619
4.628
4.138
8.6323
8.0125
5.7797
7.1739
3.7812
8.2126
9.2887
7.5757
1.6763
8.3748
8.9155
5.0298
9.107
2.4776
0.2677
0.649
8.0119
7.3571
5.1925
6.4162
1.5453
7.9173
0.1893
4.864
6.6317
7.6171
6.5453
8.3862
8.2123
6.7886
4.6481
1.4812
9.0131
5.2235
7.2972
3.5889
0.8033
0.6447
