6.8645
9.7926
0.5735
3.5705
9.8285
2.0866
4.2519
9.5108
0.432
6.8915
5.6923
0.8565
9.9351
9.5246
4.3526
0.9938
6.3929
6.7155
2.7372
6.5929
4.6314
4.0315
3.5014
3.7718
8.0388
5.4053
2.9005
2.1756
9.5558
9.308
0.2658
5.0941
6.4327
8.3271
7.6617
9.1648
0.3467
3.6963
3.2839
1.5469
0.1248
7.6021
6.2148
4.9215
1.1762
9.1738
4.3901
4.0769
8.2675
9.1239
4.8983
3.2974
7.7748
2.3807
2.9298
3.2475
0.9464
2.3567
4.926
3.6215
4.1689
5.9997
7.2782
8.9214
7.2388
4.1625
2.229
1.5763
0.231
3.675
1.3733
0.0931
9.2924
5.2842
2.5298
9.6267
4.2031
8.139
4.9143
8.4388
5.2003
8.7487
5.7642
1.9294
9.0399
2.7507
7.7688
3.4021
2.3487
0.546
7.8643
9.4215
6.8539
9.5833
7.0707
0.3065
4.0179
0.5231
9.0243
5.1257
