1.5941,5.2028,0.9652,0.9665,9.9279,6.3906,2.3012,9.0239,8.7477,2.3779,1.796,1.125,1.0201,4.9378,2.9388,4.8648,8.8477,1.7763,1.0904,6.1578,5.7896,3.4518,0.4799,7.3532,5.1982,0.6852,5.7102,9.9953,9.4023,9.9003,3.3792,4.7603,2.2853,4.2517,0.0781,9.0925,6.5936,7.6596,2.2867,7.6682,4.0901,2.2759,8.5946,3.6535,0.8777,3.007,9.609,8.4953,5.7584,8.4219,4.9354,2.8485,2.8607,2.8104,1.1022,7.9679,1.8291,8.9615,5.018,8.7042,0.025,7.408,7.762,3.7608
8.5922,0.5863,6.1935,8.3592,3.9962,7.9582,2.5782,3.8901,2.3092,5.7229,7.3689,9.8149,8.1337,1.6416,4.9251,4.4727,2.3119,0.3822,2.7523,2.7331,4.8741,9.9638,4.1016,9.51,9.0623,1.7273,9.3478,6.5566,6.6195,9.641,7.4548,0.1,9.7896,0.5684,1.6693,6.3517,1.3436,7.882,3.5198,6.0707,4.6102,4.3709,0.2371,0.2556,0.4223,3.5803,2.2349,6.8331,6.2114,4.9826,4.9125,9.3164,5.8669,4.9128,1.342,5.5211,5.5208,6.3963,5.279,4.6512,4.2371,0.3222,0.1058,8.0053
5.7258,7.4898,6.3434,4.2855,9.5559,2.2851,3.1175,4.9172,3.5659,5.7093,3.083,0.6117,7.2379,7.1599,2.5699,0.7269,8.873,9.1804,7.6338,6.5313,2.6812,5.3889,0.4016,8.7215,8.7473,4.3286,5.0528,3.2443,2.2218,7.7721,4.6516,2.837,8.0284,4.261,2.1761,6.0085,1.0042,3.0243,1.5918,7.8892,0.7008,6.7956,3.3943,8.9935,6.9526,0.7642,2.7727,9.8949,3.7003,1.7945,1.2377,5.0027,9.7222,6.4585,8.4749,5.6555,8.3551,6.2507,4.9561,8.5923,1.2324,1.266,0.3468,5.0835
5.2012,8.2947,9.662,3.6047,0.6362,0.4918,5.0007,0.4001,2.2134,7.4108,4.5394,1.0952,0.9945,1.5237,3.9075,0.3138,8.8758,5.0103,1.6028,7.5129,5.9282,2.0911,3.2411,3.769,3.5385,9.777,6.9503,2.9986,1.8908,8.7659,2.7116,2.8475,1.6562,4.2519,8.1373,6.9075,6.3273,9.492,7.3585,5.5696,2.7824,8.118,5.623,9.7208,7.8252,6.137,8.0654,6.7325,4.3551,1.0659,0.1522,8.7725,2.2535,1.7167,9.9761,5.0945,6.819,3.4132,9.2734,5.2837,7.821,2.857,5.2159,4.3613
8.0191,0.0473,2.4263,0.1552,6.9462,1.5595,4.2913,0.3902,1.0123,4.1666,8.3159,4.4535,8.9198,2.7843,5.619,6.5691,7.8411,8.204,7.7379,7.1939,0.7189,9.4844,9.8305,9.6868,1.9208,4.5039,3.5417,0.6413,8.4098,9.2051,9.2743,8.2498,4.3368,4.447,7.8066,7.3696,5.1394,8.3724,0.5923,9.4669,3.0453,1.0261,1.6776,9.5995,2.1347,3.1443,3.2637,1.5075,0.1739,8.6779,8.6403,6.8818,4.1059,1.3691,5.4974,4.4894,7.8899,5.5942,7.9443,9.6579,8.1335,4.1161,6.0557,1.0678
2.1348,5.1052,5.0852,5.7746,7.0569,1.4134,4.2472,8.1427,4.1371,9.243,0.4196,5.3128,6.16,2.9575,4.317,2.5443,4.7079,1.2196,3.7119,4.4135,5.8309,7.2788,8.5704,4.4839,9.7066,8.7293,7.9039,0.7884,9.5029,5.121,6.8188,8.44,7.6252,6.5261,1.786,8.7704,2.518,9.6053,5.9546,7.2427,7.8083,6.4037,1.5196,4.5894,8.8952,8.5008,5.8052,6.8181,5.7639,2.2939,4.9884,4.5676,2.4585,8.6396,9.373,0.7943,9.5472,8.2097,5.4873,8.9906,3.3753,7.8778,4.9709,4.3095
6.4449,2.3976,7.9887,7.5791,5.5622,2.4331,6.985,1.9231,7.7443,8.8173,6.8499,0.3969,7.6167,4.7908,1.2465,5.3317,2.5248,6.772,1.9264,6.3174,0.4185,8.787,8.7877,6.1818,4.0368,4.4845,1.8849,9.2684,5.5196,9.6797,7.1834,1.7341,9.1163,5.0912,0.3758,3.5356,1.5948,8.7109,4.1416,5.3213,4.5765,7.0594,3.507,4.6092,7.541,4.686,3.8784,4.4103,2.3821,9.1695,7.264,5.7061,1.2494,0.2594,1.5794,9.4248,3.0993,9.359,1.3886,2.8175,1.1973,1.9042,6.9032,4.8004
2.3075,4.1326,2.4397,5.0246,6.543,0.6902,7.6578,6.8669,7.2322,1.4699,9.6433,3.3901,3.9196,2.1717,3.932,6.5733,0.5116,3.0386,1.2865,6.2086,5.7908,2.0523,7.7067,0.4173,0.163,1.0592,3.7295,3.7475,6.6407,2.8182,6.4311,5.8764,9.094,4.2801,3.5671,4.0741,2.2125,5.8286,4.7638,8.072,0.1663,6.9563,6.623,7.6578,9.8999,3.8576,5.1409,6.5985,2.3464,0.0084,7.437,5.5508,6.26,6.4757,1.0809,1.6887,2.3618,6.9349,7.2215,2.2163,7.6598,3.3299,1.6559,3.444
0.9759,1.7628,7.1606,1.4452,7.8946,4.6387,6.5936,6.8024,9.2645,5.1405,4.6513,5.6858,2.4152,2.8522,1.2094,0.3227,9.2981,4.5769,6.1238,7.708,7.0132,7.5357,4.5916,2.3573,4.7016,1.8887,5.1594,4.1288,9.8752,0.1155,0.4261,0.3901,8.45,9.2137,0.4449,5.5369,0.9434,7.5368,9.244,7.0218,9.013,5.3203,1.0414,6.592,2.1756,1.6747,7.6684,5.5997,9.4435,0.0456,0.7642,1.9679,5.0282,3.0102,1.7643,4.9499,1.7434,3.9605,5.281,5.5713,7.1663,2.3763,4.6344,2.4803
8.2656,8.4198,7.0131,2.1207,5.9787,8.7705,4.3329,2.2277,6.1177,4.9456,3.5215,5.6217,3.2892,2.6922,5.9753,9.8627,6.9337,2.246,6.1208,6.4243,5.2341,7.2237,7.8832,7.1426,3.2247,2.4738,8.5921,2.3418,7.3759,3.1089,6.8431,9.016,6.8462,0.0263,9.002,8.852,0.4756,7.8973,2.6316,2.0097,3.9297,0.6752,4.3377,1.1505,8.6312,5.8441,4.8576,0.847,4.1331,8.5362,7.6465,7.0263,8.1341,0.2591,0.4584,9.7835,4.3496,0.68,5.4543,5.9523,0.1071,0.2593,4.7742,0.2064
3.196,7.3756,2.6996,4.3676,9.1909,3.1138,0.6199,1.2441,3.7438,9.25,9.1416,3.5603,4.6308,8.1216,4.7932,3.7258,5.5699,0.1179,9.8118,7.4333,0.8811,5.9356,1.5182,4.2682,0.9381,0.7498,7.9378,9.9648,5.4175,3.6694,2.0145,0.7308,5.7367,9.3757,4.4773,3.499,8.8502,0.8165,8.2967,1.8222,4.7473,1.8537,8.7066,4.9681,4.4959,5.1294,4.2446,3.1735,6.547,6.6984,7.3204,3.8718,0.4837,3.1197,1.1104,6.717,2.2359,2.5954,8.6797,5.5738,8.9592,6.3226,7.1444,3.8333
7.6896,6.6239,0.4882,3.5297,4.7563,2.5477,9.4044,6.839,0.5455,6.9903,7.8448,3.8572,7.6954,4.9842,4.9413,9.9544,9.5775,5.9744,2.5592,8.5698,4.2259,5.2233,2.9721,6.3123,8.5554,8.1914,4.6961,1.4619,9.3,4.1124,5.2324,7.5188,7.5069,9.673,5.9618,6.2695,5.3315,6.0124,3.0285,2.1118,2.2755,1.2644,6.5011,9.3736,4.7583,0.6076,4.5678,9.7801,0.5662,8.8657,2.1739,5.6757,2.5384,8.4488,4.6252,4.1342,1.2703,5.1196,3.4905,3.6866,4.6959,7.539,1.6778,4.434
4.7929,2.8237,8.565,5.1179,7.6225,8.1445,5.4322,7.8523,5.168,8.7723,1.6551,2.5556,6.1598,3.7298,4.442,7.0689,2.5523,4.9729,4.3812,7.1441,7.1064,0.9048,5.9093,0.4747,4.5463,2.2184,6.532,1.4902,9.5283,4.7433,1.8712,0.2002,2.7777,2.9279,6.0156,2.3131,9.1472,0.986,2.5847,1.9459,6.8137,3.6424,5.3438,5.6089,6.2209,0.4597,0.034,5.0237,8.5493,2.7967,9.0797,2.2497,5.7634,0.1042,3.807,8.1134,1.9878,3.3068,8.6917,4.8818,6.2878,9.8829,0.1719,8.4125
8.0502,0.502,0.6199,5.4408,3.7633,1.6715,0.6709,9.2581,4.2471,1.5966,1.8526,3.0155,7.4415,8.6581,8.7397,3.683,4.0102,4.8237,9.9814,7.17,2.9326,7.4974,9.9321,4.0675,8.1088,9.3637,4.1025,6.2244,7.0967,9.3221,1.6253,2.7851,2.9428,1.8193,7.4048,3.3605,8.2157,1.6337,0.668,4.5171,8.2201,8.935,6.4454,4.2821,5.4397,4.9512,3.6158,6.4329,7.5465,8.4068,7.8964,5.8491,2.6793,2.4347,7.9166,8.5154,6.4118,5.1947,5.453,9.1446,6.2581,4.0448,2.1888,5.8696
9.099,6.794,2.761,5.2974,8.1669,4.1437,6.2643,5.1517,2.5292,4.3105,4.3167,9.1464,0.3333,1.1665,5.9486,9.2377,1.3295,3.3933,0.8936,6.5875,8.3359,6.8081,1.3887,0.4613,1.8238,6.7754,7.0148,6.8228,9.8266,4.1449,9.2648,2.7859,3.9004,0.4424,3.833,3.6454,1.2937,0.444,1.0165,0.2831,1.2971,1.3048,1.3846,3.8935,9.1583,3.6947,0.6069,5.7599,7.6873,4.8779,5.3308,8.721,9.9179,1.2329,9.1223,1.2295,8.2677,3.278,9.7568,3.426,7.2821,6.6571,2.3172,5.2921
6.05,6.3699,7.3866,8.7285,6.8433,1.3885,0.1456,2.2473,8.93,4.3889,8.8625,4.15,0.0424,0.6396,5.7145,3.7593,7.7702,2.6543,5.8838,2.2046,6.4561,9.5071,5.711,2.3851,3.4094,8.6919,5.7172,2.9648,8.7707,6.4813,5.9559,0.9841,3.7185,5.0469,0.8827,7.8432,3.33,7.5587,8.5825,4.6035,2.6062,7.8934,5.4532,4.4109,4.7777,5.1115,3.5221,5.425,0.8738,4.5114,6.8723,9.6424,5.8466,8.6873,2.7967,5.8694,1.7258,7.5224,0.3919,5.6759,7.0274,9.9183,8.3216,7.967
2.7896,4.4052,4.188,0.6637,1.4981,5.4641,8.8477,3.1803,3.4876,5.0434,0.8079,0.4022,0.2193,0.4588,0.7807,9.9313,0.8788,0.0676,5.9969,9.2972,6.9279,6.8845,3.0111,1.0423,3.6672,1.7389,9.3702,9.1047,7.419,2.6001,8.7734,4.0049,8.7522,8.6693,5.0565,6.1666,6.3597,4.5849,2.2214,7.4332,6.0833,8.8358,5.8815,2.0021,9.4462,6.5236,2.9513,1.585,8.0466,4.6364,8.6302,1.3226,6.653,4.5594,5.0034,5.8141,6.4667,1.6353,2.1755,1.5772,1.4594,1.2949,6.2827,8.3797
3.7736,7.4567,9.2468,9.1976,7.9886,7.9795,8.6646,6.5603,7.5347,2.0349,9.4394,2.6306,7.95,7.1169,0.114,4.8142,1.664,6.0243,0.2821,1.7182,6.8079,7.8885,5.3341,1.5836,6.2629,6.2757,4.6698,8.0621,1.4563,4.8728,0.591,2.4164,7.9198,5.1663,5.5468,9.0958,8.0152,8.8831,5.8323,7.342,7.4129,4.0916,6.6279,5.603,1.3793,9.0481,9.0266,8.4066,9.8692,2.5843,5.5035,9.4358,8.1052,3.8992,8.9405,8.5454,2.1627,1.7738,3.0177,1.2175,1.3106,0.2334,0.7412,3.8869
6.1235,1.7873,5.8578,4.0959,9.0856,5.976,4.3131,7.0961,6.8936,5.1951,5.9955,6.3728,6.0537,1.4892,3.9507,4.9743,5.7505,2.8677,8.8178,2.0803,6.6938,1.5037,7.5256,9.0592,7.4125,0.3392,8.0868,2.4613,2.66,9.1466,9.4775,1.8949,6.268,0.7579,8.0254,8.9058,1.9234,5.7888,9.7706,6.6645,8.7312,2.2912,8.1279,0.4294,1.7996,9.2102,8.5229,0.5881,1.8794,6.0226,0.6304,0.5028,4.4141,9.7733,6.7796,2.308,2.0789,7.6213,7.4874,5.1582,0.0516,1.9137,9.3246,0.1789
4.9268,1.6685,4.8843,3.4604,3.8045,1.1976,7.8933,2.1375,9.5829,3.0803,1.2186,0.9513,3.6132,1.1621,0.9121,4.1384,1.0176,2.3386,5.6551,0.7068,9.8895,5.3282,5.0951,0.7351,0.4514,8.1095,9.705,3.0522,0.0864,3.2082,6.7571,1.7548,1.3272,6.2253,0.0677,7.6143,9.1404,1.4512,7.9823,8.8785,3.0374,6.2384,0.7836,9.3709,9.4429,3.0036,9.2049,2.7909,6.7011,8.5079,3.1519,6.8198,5.1999,8.4491,5.219,2.063,8.5009,8.5667,2.0256,8.8488,9.9905,6.1898,5.379,7.3068
8.6502,0.4435,5.9394,8.5182,0.6163,7.1019,1.8266,5.8937,2.9158,3.2731,1.616,1.161,1.4581,2.3039,0.5987,0.9474,5.6574,9.0355,6.0769,5.9537,3.8855,0.9361,3.8185,8.0527,2.5302,2.6561,0.3845,1.4492,4.4977,7.1687,2.9409,3.1129,4.2536,3.5382,4.6363,8.1768,7.9319,4.1838,0.9585,4.0904,7.9111,9.9541,3.0332,4.3416,6.1947,1.0177,8.6177,6.1005,9.8534,2.7791,4.4592,8.1019,9.5906,7.9376,3.3619,6.2671,5.1456,5.6735,2.5441,6.9959,0.6389,0.4688,6.0184,0.2857
4.3956,4.3715,1.6388,6.2312,2.5734,9.2316,0.5094,7.4441,7.3485,9.4219,8.3733,5.0262,9.0069,4.1358,7.7821,0.2204,3.3673,7.9306,0.9569,5.6287,7.9566,2.4174,8.6829,4.6727,7.317,6.4877,5.3892,4.8627,6.8382,5.4684,8.6115,9.533,0.1953,0.4244,9.3341,1.8131,7.0392,8.5819,5.5682,4.1671,8.7429,5.8976,1.1902,2.5111,6.5407,9.772,2.3498,3.8129,6.6997,6.9015,5.8616,4.3889,6.0753,5.9533,2.4603,6.3842,6.4622,1.9627,9.9359,6.7109,3.6693,2.5202,8.8583,9.0503
5.4585,0.7634,6.9381,5.2595,1.1766,1.271,4.2162,4.5421,0.627,0.3755,7.8978,9.0354,2.0516,2.5158,4.6585,6.2609,6.3892,7.163,7.8748,8.0356,1.9277,0.2901,4.4185,4.5498,0.6499,7.8869,9.6839,0.2195,6.1779,3.9487,2.2154,2.0745,5.4361,1.7297,1.0378,8.9444,4.1932,1.965,5.8841,3.2894,8.6735,7.7691,1.1993,4.1741,5.4398,0.5645,1.4808,9.3601,3.857,2.8967,4.4543,2.2248,4.472,6.447,4.3914,7.0084,7.5883,3.0342,4.2644,6.5908,4.1139,2.5656,3.7258,5.5903
3.1962,5.2586,8.3129,3.929,6.6379,6.5186,0.0383,1.539,8.2451,0.353,3.238,4.8274,3.0325,7.3605,4.9616,8.5121,6.8148,9.773,0.5636,5.6167,3.1247,9.4859,8.9832,1.9618,7.7261,6.1962,5.3904,6.1713,2.4998,6.2306,5.4992,7.3989,1.3531,0.4956,4.7376,8.7619,9.5839,7.8105,9.9494,5.3254,9.0003,8.6329,8.6588,1.9633,5.3125,9.516,0.7279,2.6759,4.4559,9.2765,5.7645,9.9912,0.6863,3.1429,0.5195,0.427,9.9944,0.8788,6.5809,6.6826,8.0241,1.2911,6.1601,9.3723
9.47,9.4519,3.9348,5.9074,4.1674,1.8501,0.864,2.6713,7.9644,8.1698,7.2218,5.4619,0.1554,0.012,6.0656,1.7103,1.9615,8.1386,2.9753,0.7355,9.5366,7.4547,6.9067,0.8765,8.3105,2.4198,7.8598,5.8846,1.7155,8.3263,5.6767,5.0617,8.0661,5.9141,1.5874,7.315,6.1867,0.8045,2.8293,6.3493,4.4701,0.1538,1.185,8.9095,7.9722,5.4297,2.2648,6.9774,7.9928,8.7142,3.873,4.4194,1.8439,7.7313,9.3639,5.9318,4.75,0.5502,1.2045,5.6416,3.9771,2.012,2.8112,7.3536
8.3649,6.0583,5.8247,7.6411,1.4631,9.6441,4.5219,4.351,6.7225,4.6135,2.0102,0.0769,7.8542,1.5703,4.0382,4.5991,6.8262,5.8056,0.1443,8.0228,1.4572,0.0929,6.2763,3.5018,9.5165,8.1851,2.9661,5.964,3.8329,1.8489,2.9201,3.4924,4.9973,5.5882,9.6833,0.8014,3.6572,8.5696,4.5513,9.3284,5.0448,8.3435,3.1947,6.5919,8.5665,6.1573,4.5376,3.2961,1.3329,5.5635,3.8498,4.0488,2.7572,8.6003,7.43,6.9129,6.3038,3.4935,6.1141,9.1306,4.7709,6.591,0.8016,8.6937
3.0141,3.2388,6.5812,4.9405,6.9591,4.4408,3.4079,5.0414,5.0913,3.097,8.0058,8.2152,1.1258,8.5463,6.8422,2.7652,3.4851,6.85,3.6611,6.8192,1.2699,3.0477,9.3717,4.5637,9.017,9.1063,3.5599,3.6382,2.0803,6.99,9.2061,9.2994,6.0565,2.3789,5.7028,3.1905,4.6402,6.3825,1.0997,5.0985,2.3451,3.8004,8.8861,7.5982,4.8512,8.0291,9.207,3.9851,0.9706,4.3803,9.0143,5.6553,2.4888,6.5784,9.0239,9.5182,3.9134,3.471,8.3095,6.6638,9.5307,9.5267,9.0067,9.8152
6.6135,1.0949,6.3098,3.242,4.9491,2.4033,9.3168,1.5698,7.1753,8.0968,5.8221,8.7403,8.5778,8.832,8.2663,0.6528,2.806,7.1539,1.3471,6.1449,0.9438,1.8825,2.7153,0.5652,1.543,4.1151,1.0078,9.8838,3.1842,1.686,1.2894,1.4079,5.9958,6.2086,7.1095,9.0149,6.2647,1.082,0.5867,3.0114,6.8378,7.762,6.1222,7.1827,8.5135,2.8568,2.8435,3.9002,5.4053,1.0278,4.7949,4.6748,2.7373,4.0208,1.5107,4.0213,9.8323,1.1838,6.7723,5.0097,9.6236,2.9363,3.245,6.8711
5.1727,5.8559,1.244,7.0356,2.6558,7.0553,0.5902,9.6448,7.6297,7.538,4.805,5.1172,2.659,9.8393,4.153,8.633,4.3288,6.3827,0.5054,0.8299,4.8325,7.1333,0.1994,5.0833,1.3855,9.6556,2.8005,2.2432,8.0959,7.993,1.0389,4.365,5.6986,5.9572,6.0515,8.3969,0.5731,5.5455,4.3747,3.5733,3.293,0.3926,3.1869,6.9926,2.361,6.3149,2.9419,5.1652,9.8747,2.1567,4.393,1.9689,6.0912,1.7651,2.2496,4.3417,7.3365,6.9357,3.8599,6.9908,2.6827,7.3257,5.4442,5.5726
8.0961,4.3576,1.39,5.4179,2.177,7.5738,2.7405,3.4617,4.8206,5.1456,1.6557,9.6408,4.9268,1.9519,0.3698,4.7454,4.7718,5.879,2.7835,8.6993,4.5079,7.5749,6.2588,6.9899,7.8224,9.4794,5.2547,4.3609,8.8854,9.9586,4.5184,4.799,0.5942,6.8098,9.0655,7.4567,6.238,6.4224,4.3316,8.3595,4.0549,3.4335,8.8463,5.7435,1.4432,8.7136,7.9356,9.0962,2.4271,6.3071,0.4475,7.6673,4.9659,5.455,0.4285,1.8863,7.2912,2.7067,6.4397,3.0507,9.7923,8.5705,8.6921,8.6702
4.4876,3.4669,5.1271,4.7345,2.7617,1.2141,4.6405,9.9988,2.8793,9.9955,4.9562,6.9493,8.998,2.4958,8.0206,5.2046,7.7241,8.6241,2.9488,9.2554,2.3493,8.5183,5.2293,4.0864,6.8345,3.6766,7.3492,9.9795,6.0331,8.333,3.8739,3.1226,6.8544,1.1942,3.0918,2.0176,8.2692,4.6698,0.7003,2.0091,0.5093,3.6882,8.1772,8.6408,6.6616,8.9911,8.2154,5.4748,1.8539,0.8908,1.547,3.8959,9.0278,6.5271,7.6342,9.9054,6.9695,8.5683,5.6004,5.2475,8.6039,2.4973,1.5694,4.7896
8.23,3.2923,9.6692,6.2283,2.2137,8.0999,5.179,8.2106,8.5209,9.9827,9.2334,1.1658,1.1931,6.2284,3.4723,1.1903,7.6496,2.1591,6.5768,6.3547,7.9206,3.8042,5.2679,4.6717,4.5468,6.1369,0.9778,9.7623,7.3378,8.8667,8.9702,0.9904,3.4234,1.953,2.6679,3.9026,3.429,0.3526,2.6237,2.981,3.9376,5.0962,9.56,1.44,7.7712,2.322,0.291,6.8992,5.332,9.2393,1.6671,5.1777,6.207,7.4367,4.4003,7.6718,7.1173,6.8724,9.8595,7.7756,2.2648,4.1447,3.2145,0.2938
2.3948,0.3303,8.7401,1.6414,0.2476,0.8546,0.3359,0.5476,8.5817,9.6939,0.9708,0.0157,7.0135,9.271,9.9142,3.9162,0.2517,1.6376,3.5394,4.9253,1.8901,8.9683,0.2645,1.758,1.6023,2.4638,6.4308,2.8648,5.9136,0.4237,1.6871,0.8539,6.4292,9.948,4.2329,6.6742,9.1792,5.9515,3.1775,3.1733,6.3874,2.0843,3.235,6.0436,1.6468,8.9786,3.131,7.6653,4.5294,5.3648,9.6236,4.1637,1.7639,4.5078,6.3654,9.3957,7.7011,3.4122,1.4411,5.7642,4.7426,8.3718,1.1396,3.0261
4.54,2.3618,8.7293,2.5169,1.1835,1.6181,6.2432,0.0003,1.4225,6.1397,8.3021,8.8555,1.7019,2.315,5.4356,7.206,5.41,8.4184,6.9724,0.0065,9.057,0.4104,4.9016,1.5202,6.6272,7.0766,9.3529,5.8341,3.2743,1.1345,7.5504,7.0909,9.2459,4.6899,9.264,6.0182,8.7792,8.776,2.5057,9.4679,9.2722,9.53,8.2077,5.8069,6.7037,8.6868,7.0099,3.3752,1.5805,9.978,9.5994,2.4545,2.8898,1.9847,9.2572,0.586,7.3283,2.0079,2.5745,7.5055,7.0727,8.8507,0.2183,8.4259
1.6315,5.1663,4.6263,3.703,9.6463,2.6475,8.8886,9.7328,2.1628,5.2205,9.3115,1.6405,2.3987,9.5691,9.1405,7.2661,8.6274,5.3296,0.0884,1.2437,4.2623,8.5356,3.5102,1.4708,1.8566,0.8324,5.7208,9.1357,7.6877,2.4966,3.6363,5.6529,0.8832,0.2103,0.5666,0.4226,1.8388,8.684,8.8673,3.3269,5.9452,1.6473,9.8597,2.4587,5.8854,6.9383,0.3119,6.4386,2.2993,0.4007,6.1745,0.0995,7.1521,5.4074,5.1201,4.8965,9.633,6.9991,1.8123,1.8744,5.5534,8.0505,5.2011,3.1176
4.4166,5.0251,5.9342,1.9915,9.433,1.6022,4.6636,2.6053,4.8748,4.3306,0.1724,3.6006,3.1454,0.3583,3.4823,3.626,0.9328,9.3905,6.1919,5.9388,6.0561,1.9941,5.1457,3.097,4.1997,3.1653,6.4345,0.1688,2.8068,6.6597,0.0801,8.0387,4.4506,6.4644,1.4388,5.4262,5.4487,1.7989,0.9467,8.5497,2.8303,4.7438,6.9642,7.3395,8.0644,2.2829,1.7722,4.6783,2.9003,8.5141,2.0117,4.7069,2.6334,1.4651,0.6544,8.4701,5.161,2.5444,2.1463,0.968,0.4228,0.8787,2.1062,8.7244
5.3185,8.4247,4.1986,7.7698,8.1766,1.9478,4.6874,5.7758,9.3976,2.6122,3.526,2.3686,9.2506,7.6377,3.3884,1.341,5.6788,3.5431,0.6472,6.1176,7.3657,6.6506,5.5793,4.1735,0.5245,1.5006,2.7607,2.719,0.7021,6.3268,0.0105,1.9432,4.9357,6.5997,0.6751,2.8749,6.2782,8.5309,7.8432,5.4909,1.9217,9.7502,2.2914,9.9711,4.0256,9.0135,4.8316,2.7436,2.664,2.0559,3.0453,1.0499,8.9494,7.2064,7.1658,6.6162,9.6189,8.9666,6.2295,4.3524,5.4059,5.775,7.8865,3.8992
0.0349,2.6589,8.6793,9.3454,7.1193,9.767,8.4808,7.7009,8.4028,5.4813,7.4179,4.0673,3.2785,9.3969,9.3838,0.5214,0.3675,1.4071,5.5181,8.1532,6.6477,9.4236,5.1028,3.2026,6.5051,5.3596,2.4694,6.6008,6.9848,0.1473,2.4659,1.3925,8.8651,4.2459,8.9715,6.627,0.6638,6.3865,5.6031,3.7199,9.231,5.0529,6.1057,5.0055,7.7309,4.3309,0.6379,4.2192,5.0876,5.8214,0.1188,4.1189,7.7489,6.4717,4.2895,1.3549,7.3943,9.7723,5.2222,2.0895,5.1055,1.9827,2.4245,4.2094
8.6354,5.8891,6.8881,2.3416,2.8388,2.6986,4.2856,8.3624,5.1081,9.1922,0.1053,0.2502,3.5794,6.9068,7.5375,6.6586,2.5046,2.1278,0.6964,1.4555,7.7427,6.9913,6.5966,8.7062,5.4935,4.0213,2.6315,6.3207,3.692,6.3573,9.9511,0.6603,3.3824,9.3792,6.1119,1.1821,2.5662,2.9614,8.6752,1.446,0.5933,9.0181,6.8009,1.2584,3.2302,1.3729,7.9652,8.755,5.0105,6.1651,2.7065,7.4229,9.4052,7.9552,1.1965,8.2528,0.3298,2.5496,9.7839,5.4473,5.2622,2.6159,2.3076,7.1062
5.7621,1.0383,2.2191,0.4066,6.1441,8.3664,9.4453,6.3056,3.4645,3.6079,4.8692,7.1516,8.0394,9.1377,4.533,6.4519,6.7746,3.1822,2.2484,5.935,0.6431,1.4358,2.3122,8.6334,5.1733,4.5455,4.9348,1.1258,9.6919,1.3178,6.6397,6.9821,4.8477,8.2152,6.3741,7.9346,0.8168,3.0839,1.9282,1.4069,1.8027,3.9176,2.0149,7.4295,1.907,3.5069,9.026,1.4688,3.8742,5.348,4.4972,9.1152,2.5448,6.5335,3.4272,2.0485,4.0298,9.7418,9.8836,4.1406,6.6903,6.6295,1.4829,1.6274
6.4284,0.8269,0.584,2.5131,0.7276,0.0802,2.1661,6.1849,0.4261,9.9351,8.7475,1.2315,0.2689,5.0313,0.5097,3.0578,9.143,9.0197,7.1448,0.3296,5.6111,7.4544,0.22,2.922,3.5984,6.5881,2.0672,1.2348,7.9807,0.6752,3.8949,2.0425,2.8584,7.56,0.9134,4.7998,4.9305,0.9757,5.2233,8.8908,9.2293,3.9566,9.645,7.7276,3.2801,4.5321,1.8833,4.1386,9.4157,8.7858,2.294,5.6495,5.8268,1.4481,5.9386,8.0978,6.0201,3.5567,9.9812,7.451,9.7994,0.2942,5.9943,6.6335
1.2119,2.0037,5.7213,3.4261,3.0962,8.5248,1.377,8.3057,9.9329,9.9497,4.4955,9.5934,4.1628,6.0242,0.9508,1.2106,5.3194,8.1276,0.8413,0.116,6.4575,6.0871,6.911,9.3103,3.4709,4.8773,2.3163,4.3982,0.2509,0.6409,7.9081,2.5813,7.187,0.2614,0.0762,9.3758,9.4179,9.7052,1.3985,4.6738,0.7814,6.4193,1.9914,9.2107,3.3343,3.6496,8.5243,8.7442,4.8021,0.7839,5.4022,7.5079,2.1814,9.9711,2.4306,4.476,3.9702,6.6927,5.1157,8.3513,8.1397,2.4345,4.6177,7.6313
7.6129,7.1914,9.235,3.321,2.002,9.6903,5.9709,6.4085,3.0706,9.8391,2.3525,8.2641,2.4136,0.6013,6.528,6.535,7.872,9.964,8.8326,1.7198,4.7014,3.15,5.4171,9.1075,7.7021,0.2913,9.2557,8.8404,1.3711,3.6131,0.1615,3.8682,0.3375,5.7274,6.0611,6.637,2.9559,6.9455,2.3919,0.5821,7.1301,5.8539,7.0626,3.895,7.766,3.9386,8.9207,0.0295,8.4231,8.8103,5.0552,5.5228,2.0172,6.0262,1.8152,8.84,8.7797,9.4192,8.1559,6.8787,8.888,5.2063,4.0925,3.0269
3.7355,9.6282,5.5186,1.7547,1.4027,0.8585,9.5147,1.4988,1.5124,7.8319,0.5591,8.3339,7.6238,1.942,7.4282,1.2088,3.326,1.9053,6.4633,9.214,4.2608,6.7431,2.1858,4.966,4.8262,1.0813,8.6001,4.8209,3.4018,3.8724,5.3545,4.4067,3.2071,5.1046,8.4797,9.4867,5.1503,9.8311,6.0021,9.078,7.4026,8.3336,4.7065,5.0852,8.8219,1.8075,0.7323,2.3196,1.185,3.9757,0.5539,7.3277,0.1769,3.6719,4.2773,2.2587,7.1439,2.0696,5.3466,0.9783,7.9527,9.7568,3.1284,7.4969
5.9698,0.234,3.9064,7.958,3.3606,7.1207,1.89,2.1559,7.0285,4.3221,6.4074,4.3023,2.3152,3.8383,9.3845,6.3464,5.4929,9.0825,8.2782,8.0821,9.9245,1.1146,3.8286,4.3387,1.9685,5.9131,4.6703,5.8417,0.2109,3.8454,6.9609,7.7043,8.2963,2.6923,7.7206,9.8969,3.6216,7.6655,8.3852,1.8405,5.745,5.8424,2.9121,3.9193,6.3776,2.2917,9.1945,3.5207,1.6941,5.7482,4.619,3.3651,9.6547,7.3208,6.6808,3.1009,7.6997,2.1146,0.8697,6.2994,0.8851,7.408,8.2937,4.8025
5.2001,4.5084,5.4549,0.9587,4.2712,2.8067,1.107,0.9004,5.9466,0.2964,5.0406,2.0479,7.1789,6.7162,6.4146,5.3936,2.5982,7.1524,1.6158,5.648,0.103,2.3306,2.6456,3.5951,4.395,7.8341,7.2505,0.8018,9.9761,8.1615,2.6061,5.1779,3.1653,1.0932,2.2391,9.3397,3.407,8.2275,0.6657,7.4886,6.756,4.3932,6.4505,1.3723,0.0288,9.1946,2.8888,6.346,2.7326,8.04,1.4912,0.2478,2.016,3.7378,3.8476,1.2133,4.915,4.9486,7.7268,7.7769,0.559,7.0705,4.867,9.1361
1.853,5.6054,4.6732,5.2549,4.4146,9.5191,8.4891,7.2809,8.5177,4.0804,3.2308,9.7247,8.4841,3.0889,2.1997,7.1878,1.9348,4.2491,0.995,3.0182,5.3509,3.3693,2.1239,1.7246,3.2571,8.2212,9.2343,9.8603,5.8816,3.2073,3.8717,6.83,7.4966,3.6915,1.9008,3.9847,9.1643,5.2453,9.4193,3.2127,4.36,1.2683,3.4419,6.3671,5.7831,8.4604,7.5936,3.7849,0.8865,5.0039,7.1851,2.4969,9.0511,3.7597,5.8733,5.9461,2.2935,0.0832,6.9061,6.9232,1.5957,0.5515,9.9717,9.9517
4.2052,2.2705,0.9106,1.7866,4.1128,9.2226,9.7431,4.2614,1.721,4.2953,9.4794,5.5789,9.6664,4.0575,9.6512,4.0089,4.5427,4.3816,5.3697,7.5495,2.6014,0.9031,6.0775,6.7695,8.9188,8.7709,6.0526,3.8444,1.8867,5.2595,1.7265,7.1354,1.9382,4.8411,1.6548,2.3368,6.0726,3.501,3.9987,5.9779,7.0882,5.5207,3.2913,2.4149,4.8676,3.8182,2.5148,1.2786,2.7603,2.1968,2.3755,5.3802,1.478,1.9624,8.1533,4.4694,2.0068,2.2154,8.0757,0.2352,2.9562,5.7148,7.8336,3.7912
8.2133,1.6959,0.9037,5.5163,1.5728,5.5225,9.5625,3.7704,0.3461,4.9099,3.7257,1.8119,6.0244,7.7106,8.649,1.4131,0.2405,2.2951,0.1122,7.9678,3.195,7.0006,5.2078,9.4057,8.9757,2.3083,1.8632,4.7423,9.2094,9.2653,0.1598,0.976,7.4464,5.063,7.1327,4.1534,8.0706,2.0492,7.1811,6.2952,4.8644,2.5329,9.2754,7.2498,3.9289,6.6752,0.8962,1.8494,7.6064,0.6463,8.6952,1.3974,4.2189,6.3313,1.7964,7.3134,4.6823,8.5865,4.199,9.3864,8.7807,6.4012,2.8774,4.7006
7.8212,1.3967,9.9739,7.5542,0.7615,4.2827,5.4489,7.1074,8.7904,4.7872,6.8159,0.6432,7.2499,1.8655,0.4266,4.965,0.9981,9.3884,1.4694,9.3377,3.3948,4.432,2.639,3.53,4.6278,0.5105,7.6329,4.5344,7.5613,5.7908,1.545,5.8754,8.1663,2.1041,2.8268,2.8836,9.3558,8.2767,3.0196,3.4877,8.1952,3.052,4.7502,5.9667,8.6622,3.0356,4.7621,1.5823,5.9606,1.2343,3.4878,2.4349,9.7768,1.2029,7.7378,3.7145,3.6057,2.9493,0.3525,4.6293,6.3811,6.7394,0.2469,3.519
5.9335,2.7352,5.1427,6.7387,7.3626,5.3219,8.9316,0.1825,5.4202,7.3194,9.8652,8.4102,9.5019,8.5989,0.8221,1.3493,1.9551,7.8309,9.0838,5.0396,5.8341,2.6501,4.9506,6.8635,2.415,9.7003,8.6014,0.3271,2.0112,8.8065,4.2809,7.9804,1.6846,8.7717,8.8893,4.1915,0.9621,6.8869,9.9901,8.3478,9.4781,1.0001,2.8967,6.8189,2.0855,5.3647,6.9186,4.1897,1.7469,3.6151,3.5485,2.9343,5.7787,9.7335,3.156,1.9603,8.0644,8.6142,6.1841,8.2343,9.9259,0.9009,7.9429,2.7018
7.1637,6.9734,5.5351,7.9095,0.7904,8.0867,6.8428,0.1429,0.2053,5.4423,5.0205,1.8941,1.2748,7.6619,2.8163,8.9936,5.869,2.1458,9.8573,7.4772,2.7241,2.0389,2.345,4.7867,6.0294,9.0288,6.2777,1.3737,3.8968,1.9345,8.0171,5.9462,2.0959,1.1924,2.5459,6.542,4.6445,6.8569,5.7457,8.1809,7.9333,0.6661,4.0245,1.5799,1.9077,5.2539,6.9519,7.1998,2.7192,5.6661,0.9839,5.7947,3.012,3.1201,5.4594,3.9698,1.2282,6.2946,2.5153,8.4061,0.1673,7.1023,0.0216,3.2605
0.3978,6.5356,6.2467,7.0854,1.0502,7.6117,4.4266,0.8712,3.1537,9.65,7.4078,6.0933,6.6467,1.3843,3.2944,4.5045,9.1513,5.9314,0.3136,7.9842,1.8659,4.3273,7.8361,7.4293,7.2859,9.0114,3.7207,6.4445,9.9228,0.829,2.1046,8.5145,2.0753,4.5351,5.7194,1.7939,6.9492,2.8858,6.3656,0.4735,6.3156,9.6193,3.6909,3.3639,7.8189,7.9023,1.1399,4.3444,5.0752,8.1724,2.6987,5.536,6.3857,5.1528,2.4163,6.4389,4.3422,5.8899,0.5902,1.2407,7.782,7.3355,3.9059,3.3968
6.6434,6.531,7.1853,4.0367,2.8807,8.5713,2.6065,8.7186,7.062,4.3379,4.8958,9.2604,5.5908,0.7734,5.6925,0.0515,3.4552,1.8702,6.1308,0.6446,4.7678,9.7481,5.4509,9.5769,7.3158,1.6063,4.4106,5.1831,7.5197,7.7965,2.3787,4.5338,6.3331,3.8068,5.4352,6.8866,3.583,1.809,3.6552,2.6648,4.083,2.2883,9.1153,1.7725,8.824,8.1396,8.8717,9.3237,7.1985,8.904,7.6418,9.7586,0.4027,4.2117,6.5569,0.5357,1.8698,2.163,3.5307,4.2095,7.5711,1.7292,7.9028,8.7408
0.4528,3.2631,9.1374,5.6798,2.8205,6.9337,2.8549,0.4627,3.4041,6.4142,3.0972,8.8234,1.4245,1.2346,9.2229,6.1805,0.2563,3.0732,9.1743,6.2813,0.2385,8.7188,3.0725,8.2577,6.4729,6.097,9.9035,5.0383,3.3612,6.9673,3.574,8.3292,6.6046,1.872,0.0983,2.4186,5.9493,7.2235,7.3874,7.2421,8.5334,0.3712,7.3055,6.0244,4.8493,5.6508,4.2713,6.6349,4.1866,5.9812,1.7832,7.9531,3.0154,7.6279,9.6983,5.4492,8.8126,3.0186,7.0428,7.5237,1.6992,3.6309,9.5042,1.5714
2.344,1.6918,6.8911,9.9306,2.5838,1.8106,2.0208,0.0569,8.6867,4.3051,7.16,5.9786,2.0948,6.083,4.7405,5.9582,7.8549,2.4493,8.3735,8.6928,0.7187,1.1501,5.3354,1.3702,2.2799,3.0604,0.6735,7.4509,6.3313,3.1005,4.9943,7.6078,1.0369,9.8302,2.4234,3.7958,5.0099,8.83,8.7863,4.5516,3.6502,4.0022,6.5758,4.9321,8.717,4.9297,5.2978,0.8605,1.3531,4.7685,7.2973,3.4944,0.9565,2.4466,1.4698,2.9847,9.1394,6.7715,2.7723,9.2639,6.0557,3.0114,5.9237,0.5938
5.5898,5.6937,9.3805,8.451,3.9583,4.4868,7.6579,5.627,4.0919,1.9601,1.808,8.1555,6.1956,4.6515,3.5867,4.1045,1.3503,5.5467,2.7379,7.0532,7.466,9.9216,6.7183,5.7571,9.6777,1.8531,3.1895,7.0641,8.4285,7.5799,8.485,6.331,2.9067,2.456,9.5124,7.2274,4.2171,4.0675,0.1214,4.7071,0.3392,7.808,5.9671,8.3446,1.8366,7.8005,5.4699,1.259,1.6803,4.5684,3.6356,8.1881,7.0756,6.9528,5.5346,9.1194,6.8055,1.575,2.5019,4.2999,5.9368,2.3652,4.5112,6.9074
1.9975,3.1325,5.9157,8.146,1.0011,9.8654,5.6078,5.6327,0.2056,6.3301,8.1357,7.5256,0.8324,8.0477,0.3309,3.856,2.1636,4.6549,7.6138,3.1569,7.847,2.3977,1.7802,7.6177,6.0447,9.6333,1.3751,0.9586,3.3849,3.6198,6.1754,7.8522,1.2157,4.2228,7.0634,4.7765,4.0406,5.0518,2.6554,7.9853,7.5036,0.1195,3.3856,0.0108,8.1959,3.2547,6.172,4.888,7.8103,8.8877,4.2134,2.0407,5.533,0.9684,5.7313,7.5437,9.3222,3.3339,3.2549,1.9232,3.9797,3.9782,2.4557,3.4416
1.1358,2.8997,2.7725,7.536,9.0099,6.8969,8.0663,3.4566,9.9894,9.0467,3.3356,7.2911,0.7098,9.7179,9.2461,5.855,7.5705,3.1064,7.7278,9.9875,2.1317,8.9085,3.9334,8.5022,8.9027,5.7186,7.9484,2.4153,1.5958,0.1468,0.6899,0.0712,9.3822,1.4184,7.9906,1.6983,2.6977,3.1579,6.628,9.6365,5.6494,0.7327,6.6111,2.475,7.8777,2.4934,8.8004,2.3567,5.5667,1.7394,6.0986,6.5534,3.1965,7.8868,0.8557,7.7971,7.8861,1.1151,8.7171,7.4764,7.7134,2.4529,4.0877,3.0053
9.0556,2.1662,5.3957,5.3476,2.0329,0.0514,1.7807,3.8164,9.9065,1.1375,2.3559,7.3223,3.0568,8.5315,4.4184,5.3477,8.6679,4.5603,0.6361,8.1012,0.6142,0.73,0.5354,7.7646,0.3863,6.7593,1.7944,7.2788,4.4294,3.6404,4.3855,1.9762,9.9881,7.3129,2.4921,1.1546,0.144,9.6599,2.4264,1.5027,8.7169,3.7956,5.5377,8.1656,3.2548,3.2759,9.2361,4.1879,6.6668,1.0827,3.4013,3.4294,4.8033,6.5152,8.9249,2.5134,9.2105,0.9072,2.0334,3.6988,4.1253,5.798,9.2222,6.6458
1.3882,6.8655,3.1173,6.0509,6.3677,6.9117,3.2193,0.1599,0.9469,7.9115,0.6571,3.4187,8.5363,6.7768,9.4475,0.9801,1.7917,4.1197,7.4007,2.417,0.1386,8.7529,9.195,1.4353,3.9442,2.8714,8.7786,1.0938,7.3287,2.9021,0.633,3.7607,8.4638,0.5385,7.7486,7.8349,2.0512,4.211,7.4861,8.7974,9.008,5.1647,0.5572,7.3412,4.8133,1.2492,3.6756,2.5434,1.6968,0.099,8.5226,7.2486,4.4991,9.2888,9.9126,5.8821,2.0387,6.2946,1.8126,8.7458,7.9072,9.5392,3.4284,6.665
7.0773,8.5808,0.6305,4.8632,4.2404,2.2603,5.0306,0.1843,3.1299,6.7852,5.6907,5.056,1.2937,3.9319,4.9498,6.7661,9.8787,8.9832,6.2235,1.873,6.2321,4.5122,0.543,1.2229,1.9916,3.5729,4.7212,3.9512,8.5425,9.8958,7.9617,3.1403,9.442,3.0298,8.9419,8.7899,9.1338,0.0339,0.3115,2.7549,9.0021,6.3732,4.6493,9.6838,7.4303,9.5961,1.7988,3.8732,9.7699,3.0117,9.9145,4.2521,3.2267,1.9688,0.6812,4.5934,8.7969,5.1613,1.1243,7.1986,8.2699,5.876,0.5373,5.8243
2.7704,3.9711,4.0214,4.5066,0.4346,9.8411,2.1382,4.0685,0.6306,8.054,7.2746,8.7377,5.1283,0.8778,3.5152,8.5736,8.0239,5.4915,3.8124,4.0761,5.4654,7.2787,2.4977,7.0478,9.7586,0.0492,0.8474,8.0039,7.2623,5.6827,1.5141,5.7022,3.7035,8.9138,9.8497,9.1683,1.272,9.9832,0.6302,7.6396,9.7875,7.1143,9.7765,3.7617,0.518,0.202,4.1343,3.6713,4.2853,4.3803,7.7493,2.2959,4.4908,5.088,4.4526,8.624,3.7696,4.9564,4.5353,4.7031,6.1583,6.9265,6.2752,3.8491
5.2478,0.4577,2.6985,7.3053,5.2809,7.8331,1.8853,6.174,6.6309,7.8174,6.8511,9.3175,5.0396,3.5719,5.1449,2.2099,6.0689,4.8413,0.1018,5.2333,7.1613,1.254,1.6779,8.023,5.2188,8.6746,2.2204,6.3253,8.3395,7.2139,3.1883,1.6118,6.2275,5.4371,4.2866,8.6125,6.6491,5.2206,9.292,6.2319,4.8094,2.0187,2.2299,6.3477,3.7912,4.3523,7.9322,5.3115,3.5681,6.6501,9.359,5.1534,2.2142,9.0089,5.9775,2.9927,3.471,9.8201,6.9643,0.0496,8.6003,2.4211,0.5381,2.3629
