3.7233,4.6336,8.1537,9.024,9.1637,9.8033,0.998,5.5313,6.3704,9.007,2.3823,0.3261,7.9847,7.9302,6.5972,3.2588,5.3949,7.5496,2.2171,0.8032,4.9184,8.3323,2.8509,6.3926,4.991,2.0717,3.8983,8.9557,5.1882,7.4803,5.268,0.4613,0.7994,7.7782,7.2763,9.3858,7.9901,8.3745,4.072,8.914,5.4375,4.1545,5.4497,8.3102,7.0815,6.5158,5.9578,9.1391,3.5155,4.1721,4.5524,4.8775,5.7809,6.3455,2.9752,7.5488,7.0264,2.2056,7.8227,8.3774,1.9625,4.236,7.2636,5.9757
8.6601,8.0325,2.0877,5.0129,4.0741,7.0239,6.6042,0.0392,5.2338,5.7675,4.507,6.7957,9.9575,4.968,3.3179,2.7313,9.8485,0.6154,7.1501,9.2001,3.564,5.872,5.7608,7.0778,6.4857,1.5829,6.0515,5.0831,9.4342,7.4416,9.3457,3.7416,0.8837,3.6049,5.6249,8.6537,2.8002,3.8609,4.3669,5.4437,4.5461,4.8892,4.6816,0.7334,3.1628,9.9325,6.2658,6.4855,6.6981,0.0387,2.2714,3.1144,0.5087,5.2859,0.0309,0.1507,3.3184,9.2811,7.2989,5.3053,9.1072,3.1321,2.1315,3.4335
5.6041,1.392,6.8283,1.045,0.471,6.1156,9.2116,9.7898,8.4789,0.8528,5.2102,2.5654,2.5589,2.8481,3.0873,8.0883,6.6933,1.6064,5.5274,3.1147,9.8942,9.1233,2.984,6.9346,1.8578,5.9267,9.2187,5.3255,7.8855,0.6469,3.7385,1.0988,4.6843,6.361,7.4908,7.4914,7.3881,0.1444,4.055,5.3581,9.5096,2.8336,6.2942,0.8198,2.8381,5.6454,6.0759,2.817,1.0004,1.0926,2.0656,4.304,0.9736,7.6008,9.697,0.2663,2.0519,0.1626,3.1078,1.8506,5.8015,4.9018,8.6582,1.9021
9.4781,6.8227,6.3033,1.9005,5.2704,3.2825,8.4322,8.8667,7.6883,6.9781,5.749,3.4087,1.6138,0.9261,6.9066,9.403,9.5362,1.4983,6.9259,7.338,6.9236,8.425,3.0598,2.6541,2.7897,1.2647,5.5235,0.1595,8.5594,7.8046,2.8217,3.132,7.2517,9.6838,5.3028,2.6569,8.6426,7.2887,1.5927,3.4868,1.2698,9.1081,1.571,2.3212,3.7016,0.1087,5.8015,6.4631,9.474,3.8641,7.1235,7.983,1.1113,0.549,5.2529,9.0956,1.2397,1.9218,3.7825,1.0931,4.0543,1.0336,1.9075,6.5073
2.2436,2.796,0.861,8.6823,2.9357,8.596,9.6125,4.7903,5.1579,6.4232,4.1729,2.5161,4.4183,4.2174,3.9163,5.9697,9.7791,1.9429,6.929,4.066,0.5559,1.16,3.1724,7.8861,7.8772,9.0924,1.4201,2.0451,6.0481,3.3937,2.9604,3.5671,5.4685,0.6217,6.3943,4.2139,6.302,4.9796,7.087,0.9095,6.8962,7.0818,2.5981,4.6616,5.0686,1.6392,8.4579,4.0818,0.4747,9.246,0.6822,8.0736,0.1392,2.8994,7.4999,4.924,2.1829,2.5282,5.7832,9.3484,8.4564,5.9464,5.2641,8.2067
5.4322,4.1,4.923,7.071,5.9105,7.696,4.4313,5.8151,8.5673,6.0186,6.4296,6.0668,5.8526,6.3966,4.7409,9.3797,8.4983,7.0875,2.638,8.1895,5.9227,0.7301,4.5627,6.7023,0.8632,1.4073,1.352,1.0397,5.9898,4.8495,2.1012,7.465,7.3599,2.7356,9.3587,2.769,8.8137,7.1634,1.9414,0.3051,0.3759,7.3452,1.0259,9.6365,1.5803,1.6567,9.0473,6.8332,5.5391,3.9041,8.8011,6.3504,2.1222,0.628,8.0654,7.1382,9.1955,0.5053,5.6935,7.9589,9.589,6.5088,2.5529,6.9453
5.3927,1.9718,6.3922,9.3467,9.4672,8.5333,5.7661,2.716,3.825,5.4371,3.6655,2.0022,5.7107,8.3672,2.3117,8.9581,0.0419,7.6861,0.0946,2.2373,3.1272,6.8929,0.5954,5.6105,4.6379,8.9465,5.7952,1.9039,6.0184,9.3348,3.9595,3.9335,2.2456,2.577,1.9761,9.5975,8.689,5.59,1.5592,0.3508,1.4514,0.4362,8.5607,0.0966,7.6556,7.7314,2.431,4.0926,5.5243,5.3976,8.5272,5.4499,4.2163,1.2904,9.9266,3.5792,5.5021,4.7779,9.7004,2.328,7.2551,8.9123,1.6341,7.6521
6.6083,4.5615,8.5394,3.4606,1.4927,3.5308,8.9326,9.016,6.0955,5.2352,3.7206,1.3567,2.6174,6.3398,9.1401,4.8801,9.9653,4.1143,0.3161,4.2994,6.5704,0.9003,2.6736,5.1062,7.9835,7.9198,6.8425,5.1828,8.445,1.0351,5.6691,1.6276,0.5358,1.9076,8.4168,1.422,6.1352,7.5102,1.9133,9.2891,8.2693,4.6881,1.9079,5.1792,2.0086,7.1062,7.519,0.5084,0.1324,0.6084,9.4842,6.9767,4.5728,6.8892,7.7691,2.5961,4.2797,5.2245,0.0773,6.3207,5.5216,5.174,7.5995,3.7981
1.71,3.7068,0.3914,4.9588,4.7671,2.3185,8.965,5.749,2.4723,8.1566,7.2981,4.0251,4.8808,2.0557,8.3179,0.4005,0.6896,4.8042,8.2261,0.9372,6.447,9.5107,0.6501,0.8248,1.3805,4.4658,8.4046,4.122,8.9164,8.8735,7.0618,4.9659,7.6932,7.7292,2.095,0.3038,3.9573,6.0808,6.76,8.5278,6.1679,9.0896,7.3502,8.4675,9.8128,0.2093,5.5587,5.1245,6.9759,1.3419,1.3012,0.3971,6.6106,3.7505,0.7384,2.4125,2.5643,5.7337,7.7844,4.5636,7.5566,4.7443,5.5648,8.8648
4.7567,0.1847,8.1753,5.3461,2.7367,0.825,8.1342,7.0057,5.5247,3.4486,7.0899,9.835,2.0724,5.5251,9.0271,8.9862,4.8986,0.3253,8.1001,3.4168,0.8985,3.8655,1.0556,2.5358,4.7455,3.3167,0.2932,4.2825,5.5338,7.831,4.8077,7.9014,8.6393,7.0456,8.187,2.873,8.6034,1.1481,2.7762,5.5644,7.3463,6.5183,9.0514,9.8732,8.4453,4.9558,6.6772,2.7376,3.8095,5.7268,4.2854,6.6845,8.1473,0.4968,2.4322,9.942,1.6694,9.801,3.0384,7.4966,8.7154,1.9595,3.0624,8.1646
6.3044,6.2483,2.0783,4.768,0.2469,8.0721,2.8314,6.5885,5.8185,1.5931,7.528,0.7381,7.7396,9.219,6.0909,0.6631,2.4496,3.9834,7.485,5.6344,0.1401,4.0534,4.7068,9.2408,7.8676,5.9097,1.8575,9.9962,3.3965,1.6745,1.6378,7.6082,5.0583,8.7405,7.8871,6.1448,4.6279,4.2325,4.7313,6.1752,7.09,7.9273,9.1601,2.7998,6.3081,5.5335,2.7866,2.1831,8.6508,6.4888,9.2203,7.5922,2.5179,4.4086,8.0758,6.353,5.1326,7.2696,7.5013,6.6772,8.226,2.7196,3.7702,4.8444
4.1726,4.8987,9.7496,1.239,8.6344,6.6915,4.254,8.5871,2.7914,2.6008,8.6003,6.4081,6.0916,5.646,5.667,8.5817,7.7688,0.3227,1.3231,7.2782,1.1383,2.6248,2.2413,9.6603,4.7602,4.3071,2.6787,1.8835,6.2895,5.9503,2.292,6.5221,5.3224,7.1176,2.3447,3.1577,9.2385,6.3705,8.1807,2.075,2.8585,7.467,1.8915,2.8359,1.4071,0.9068,8.1506,0.9338,6.9283,2.2798,4.9234,5.8115,8.326,4.7062,6.9052,1.9402,9.2794,1.0588,3.0819,4.6094,3.9732,1.0878,0.2087,9.2775
4.4071,1.6978,5.7519,5.2009,5.21,6.5495,4.8939,0.4752,9.9023,3.2093,2.8014,2.5086,9.5474,1.4385,8.1879,5.5443,8.3322,3.7238,6.6338,5.4529,1.0899,5.2726,0.7419,7.1813,9.4779,9.4323,3.6986,9.4685,7.5508,0.0839,1.7065,3.3282,5.1875,9.6996,2.5888,7.2043,1.9817,0.3633,4.7209,8.4306,6.871,2.2814,7.8495,5.4512,5.1228,8.6555,8.4996,4.5153,5.0096,0.1523,9.8301,2.6102,0.0068,9.4161,3.2425,3.5142,1.6004,8.7889,3.7607,4.7709,3.5821,7.5228,6.6345,1.8596
0.5442,8.0538,7.275,3.2245,4.1967,0.2277,8.3838,8.6803,4.5655,7.3537,9.7651,4.0385,0.863,3.454,1.2082,2.7724,7.0161,4.4921,6.8037,6.0138,4.3693,1.0452,0.0355,4.3093,2.8137,2.3269,0.2545,6.7025,0.6215,0.0767,5.6951,4.9907,4.4522,9.0397,6.9927,0.1767,1.28,7.3309,1.2848,1.1576,4.9544,5.9819,7.8432,0.9404,0.4308,4.9199,5.9216,5.4785,1.6847,3.0931,9.6767,6.6209,5.5334,7.7031,2.6876,2.2617,6.533,2.7913,4.091,5.0068,3.1776,4.2708,7.5535,3.4795
5.2386,3.9849,0.7418,7.389,9.3237,4.3606,8.5942,2.0751,3.4125,6.0712,0.1069,6.2754,3.8395,1.6728,6.8914,2.9751,1.3846,6.7262,5.1737,2.1526,3.5052,7.0322,4.3187,4.9365,4.7552,9.0443,8.6932,7.8156,5.2183,6.9243,7.5226,5.9158,7.2047,7.805,7.0943,6.9148,4.7416,9.9759,5.9013,6.3009,2.1715,2.1038,2.5634,4.8047,8.7584,0.4314,9.9442,9.0344,9.191,0.6553,2.2766,3.7255,8.6047,1.4717,6.0737,0.3917,9.7777,7.7255,3.0689,0.5857,7.2217,2.8759,6.8632,3.3265
2.3602,1.9761,1.5823,4.5843,6.5185,7.3174,0.1293,9.1801,4.0107,8.8808,2.9942,5.7017,0.6463,1.5374,7.291,7.2765,2.523,5.3924,9.6638,0.5306,8.6183,5.0446,7.4266,6.015,1.1253,9.1595,0.0283,8.8495,0.8143,4.3094,5.5937,7.9202,8.222,9.9744,2.1354,5.6798,3.8092,4.5783,7.6884,3.856,9.3583,0.3627,0.3388,1.7089,5.2432,8.1378,2.2439,4.5532,8.5155,9.0435,5.719,3.5958,3.8868,5.831,8.2683,8.9473,7.8575,5.0145,8.0513,5.5993,6.812,6.8098,3.7411,4.4792
0.7422,8.4579,9.2116,6.5454,5.6944,7.2798,8.6243,9.823,6.4606,4.8379,2.4408,3.3249,4.3255,7.6356,5.3037,9.8799,6.7415,5.3131,6.4324,7.8226,2.4694,1.3884,1.365,2.3593,2.2589,0.8467,7.5219,6.6191,6.4775,4.996,3.2187,2.9871,4.3186,2.5023,4.0244,4.194,5.5413,1.3516,0.1471,4.8292,5.2939,6.0349,6.3062,4.7032,2.1308,4.461,2.1409,3.0592,9.5315,6.6999,5.4395,1.9143,4.7032,1.2193,3.896,7.2553,0.6632,8.9274,9.1663,8.6927,6.3426,5.1992,7.2564,8.4343
1.3633,4.3696,2.1293,5.9562,5.9855,4.8335,9.5614,2.0581,0.6346,3.8359,9.4903,0.419,2.4095,3.0536,6.0959,7.6299,9.8746,1.7833,7.735,3.8117,2.6791,8.3171,8.0582,0.1114,9.3744,4.5995,2.4565,5.0696,1.0,2.7901,1.5802,3.2465,4.5757,7.7491,8.8262,8.8482,4.201,5.7658,9.9514,0.942,3.2023,2.9113,8.1711,3.2466,1.7641,8.8357,7.3982,8.0862,1.2748,5.8951,0.4295,2.3322,9.894,3.0607,0.8586,0.2968,3.3545,5.5451,7.8019,8.9452,7.4767,1.8793,5.5075,2.1464
1.8179,0.6387,6.0716,5.6332,4.7235,5.6395,1.5494,5.1614,7.1786,7.0684,5.1024,4.1204,2.8985,5.036,3.9649,5.3386,8.1294,2.3445,1.1816,5.6353,9.1831,1.7563,1.4366,8.8325,4.9339,8.9881,9.526,2.9381,4.4043,1.0927,6.4311,0.3278,0.6222,3.3055,2.9573,9.8869,2.1151,0.8524,1.6685,9.2059,3.5142,1.5393,9.5673,5.6567,1.3939,7.5677,1.9292,4.5841,4.2388,6.1643,9.0028,0.2871,5.6828,0.989,1.7698,2.9214,2.8313,0.3615,5.8084,8.5332,7.0623,2.5553,7.4915,9.5627
4.6949,0.051,5.0143,4.4857,2.1931,6.7966,2.366,9.5248,8.0236,5.3143,4.7099,2.9719,0.3119,0.0008,9.8819,1.4343,4.5477,5.2846,6.7037,1.9111,5.1285,4.0805,7.7333,7.8144,8.0232,0.3133,0.5526,5.4943,7.3768,5.4413,7.8551,4.1503,5.7346,0.1481,3.552,9.1593,0.1494,1.38,0.7809,8.1931,7.4859,0.5037,6.5694,8.0658,8.4381,5.0986,9.937,1.0407,7.3554,7.0884,9.0947,3.9623,5.5536,3.2782,2.0871,8.8005,9.4813,9.9094,2.796,9.8326,5.7072,5.7778,1.8743,3.1984
2.0871,2.8858,2.2932,1.4185,8.3961,6.1237,7.3348,7.7639,9.9568,3.5062,0.1716,9.0389,3.6447,7.15,0.6637,7.2243,6.0124,9.8075,1.5801,6.6527,1.4557,1.0977,1.6837,6.634,5.8173,0.2497,9.1922,0.8024,4.5622,9.4853,6.4129,3.5016,1.994,7.6662,7.0571,4.1388,9.8392,3.7193,5.8738,3.8493,0.606,7.9131,4.1911,0.2037,7.3684,4.9108,6.2278,6.6629,4.0914,2.5651,1.487,3.7581,4.8037,9.5637,3.6677,9.6372,1.47,8.4717,8.9815,9.9412,7.306,9.4377,7.6633,9.9414
5.6935,5.3584,7.2246,0.5793,2.8613,7.0239,5.9206,5.4913,7.5797,8.7415,1.7602,1.7078,7.9262,4.0514,3.2099,7.5719,7.4395,0.331,0.0326,8.3145,9.1216,4.3643,5.2723,0.0142,8.909,6.3643,7.7194,1.434,1.9254,2.6555,2.4862,5.2208,9.5627,6.9719,1.1928,6.0618,4.6114,7.0616,8.913,6.5711,9.8638,9.7926,1.3749,4.7866,5.3128,8.2505,9.2442,7.1509,6.489,6.5445,5.1062,9.2208,9.2674,6.0994,6.1912,6.0012,7.3971,4.8758,6.512,5.8307,2.9734,2.496,1.7314,2.5511
9.231,2.6894,4.7911,8.7929,5.1641,4.8615,8.0031,1.0127,5.3738,7.8348,2.8041,8.6711,5.7967,8.999,0.6991,6.8451,2.7607,9.4306,4.5225,8.4956,5.2337,5.4337,2.1479,0.6512,1.3071,0.0431,4.8544,3.6602,8.5158,2.4723,6.0902,1.708,5.6238,1.0638,9.1334,5.8998,1.9426,8.8962,4.6852,4.3601,2.4519,9.7287,4.0381,5.6871,1.996,5.6866,9.9918,0.3566,2.008,8.193,5.8187,0.9115,3.0221,1.4277,2.943,4.2,3.1977,3.2815,8.932,1.6033,4.7474,8.9141,7.2958,0.6202
0.389,2.8285,4.3946,8.8065,9.1592,8.458,6.1299,2.8241,1.2446,4.9291,2.5997,1.7098,1.8321,2.5436,0.0776,1.8727,4.7071,0.9511,2.7035,5.2605,5.0704,9.2244,4.8921,6.9395,3.4454,5.2991,1.5437,6.8369,9.0913,7.4476,8.1802,2.5706,7.0075,4.797,5.0272,2.361,9.2502,9.4935,6.4423,1.5248,3.8707,4.4495,6.5703,8.4884,6.0626,7.9423,5.9456,9.1602,0.4884,0.8391,2.161,5.996,5.5719,9.2905,2.0035,2.5244,8.661,4.8189,4.1272,2.024,5.7068,2.0838,9.7837,1.8459
6.9877,8.0904,7.0655,0.0312,6.9568,9.2453,1.0303,6.5796,9.3708,8.7867,2.2554,0.1059,2.1425,8.1591,0.6766,1.8245,6.3297,2.4246,6.1098,8.4732,7.5872,4.7127,2.1162,8.6242,7.7019,7.1804,1.2699,7.5429,0.4848,3.8994,3.6734,2.7854,8.3734,6.4052,2.7799,9.7167,9.4748,1.387,2.5355,7.2222,1.1714,7.4927,6.4746,5.5338,7.4858,7.6392,4.29,8.5816,8.9866,7.1667,4.5174,7.7523,6.006,7.4435,8.5197,0.1045,7.6459,4.0636,7.5085,5.5527,3.6141,0.6947,9.292,3.7196
6.0667,9.4874,7.1402,2.4155,6.3134,2.6483,9.8656,3.5823,6.7357,3.4146,0.484,3.2559,0.9028,5.1695,9.0177,3.0426,1.874,8.3267,2.8629,3.366,1.454,4.5493,4.6652,2.6463,3.7981,0.1772,7.794,6.876,3.3204,3.5037,8.2079,8.2537,9.715,9.4357,9.4588,4.589,2.4821,5.7408,2.6617,3.5898,5.5748,0.3876,3.9538,3.3977,8.0875,8.0694,1.8893,4.498,1.711,1.5086,1.8027,4.8478,0.5179,4.8378,2.2912,2.1747,1.1047,5.7186,9.7212,4.2749,7.532,7.0878,9.294,8.6561
9.5794,9.857,4.0496,7.5779,8.8912,1.9172,4.6174,7.3965,0.5226,6.6912,3.3043,7.5547,8.8346,5.8811,9.5886,5.7392,5.9972,8.8253,3.341,6.0186,5.5212,6.7307,0.3446,7.6782,3.455,5.9544,7.7942,4.5519,6.7727,0.1101,1.5698,9.1881,2.9615,0.1412,2.4355,2.6265,5.959,2.1268,6.7714,4.4731,1.9156,4.566,8.2612,1.3112,0.0182,7.5191,9.2845,6.4133,0.6238,6.5579,0.1822,3.2401,5.5616,2.1999,2.094,4.1386,8.8623,5.7321,2.3565,4.078,3.2006,1.0681,4.2015,5.8103
8.1251,5.4041,5.0765,8.8544,9.6423,0.1652,6.8057,5.5173,5.3823,8.5749,6.4844,6.4921,6.5806,9.5781,5.1402,1.2869,2.3473,4.6327,4.7995,2.836,4.2491,1.5152,2.2345,9.8157,5.9751,7.4831,8.4569,8.6931,9.0734,8.5527,5.3768,7.9531,0.2043,6.2233,7.7304,0.5196,9.2086,6.7772,3.1854,1.1386,8.5158,7.9515,9.0212,5.6609,2.7559,3.5489,1.2142,9.5236,4.7668,2.0458,2.1346,4.9662,6.9944,4.2754,7.6603,4.4008,2.6921,9.3593,8.2967,4.882,1.5224,5.6378,6.7825,1.7921
3.1598,0.6776,4.5422,2.6279,1.8399,5.1443,9.0415,5.7268,6.579,4.4714,5.4158,6.9364,5.8872,2.7728,3.474,9.8982,4.3042,7.6582,3.605,8.5657,0.1784,0.8667,7.6857,7.2611,7.7741,7.0976,7.9126,8.4568,6.7012,2.1455,5.4862,3.3992,3.2532,3.9934,4.1532,3.7422,3.3706,5.7497,6.4458,7.0054,0.2362,6.7783,1.8355,7.7106,1.5192,4.5225,3.1592,8.0557,5.7743,1.6569,4.3338,4.9819,7.227,1.1611,6.0326,7.7373,1.4154,3.0151,8.4028,0.032,5.3451,0.1657,8.9347,0.2286
4.5465,2.6528,1.8521,1.9392,5.362,6.8305,8.7873,6.1878,4.9512,2.6236,6.6662,5.9262,0.6443,0.4055,8.5784,6.2077,2.1001,0.0185,7.472,9.3825,1.2432,8.5214,1.0986,5.7636,1.2476,3.4284,4.2572,9.0456,5.7046,0.9837,8.543,4.2088,4.2708,4.8522,0.7351,0.3021,0.1673,7.739,5.4479,6.0238,7.4301,5.3971,7.0451,7.1579,0.3148,1.8631,2.3631,1.4771,6.9923,2.45,7.1527,2.1576,2.677,5.3065,7.7002,6.1974,6.2122,9.4925,2.3447,3.0888,6.6878,1.2854,7.4521,9.531
0.1184,4.3967,5.2817,4.9861,9.4035,3.8172,0.5109,0.7403,5.4657,9.441,0.0054,1.3314,2.0113,6.3785,2.3791,8.8046,2.3021,6.7019,6.836,2.334,3.6698,7.4349,3.8771,7.4958,6.8239,9.4595,3.72,3.0242,2.1203,5.8947,6.4069,8.8555,0.8747,3.3072,1.1903,8.6631,9.9584,9.5751,9.584,4.7536,7.7588,2.2623,3.87,0.2646,4.5656,1.6288,8.6223,5.2154,3.7224,8.1195,5.7502,6.229,8.972,9.1943,6.7125,6.3463,2.5202,0.2141,4.8961,3.6157,2.1415,0.645,1.5778,7.6321
4.6801,4.5534,5.5842,7.7883,7.8729,9.163,7.1625,7.0732,4.0219,1.4864,2.2487,1.2563,5.6524,1.108,3.8785,3.1976,3.9158,3.3072,3.3017,0.6559,0.1192,7.6996,8.2297,7.4525,2.1372,8.3608,1.6525,5.25,2.7979,3.3094,7.0994,0.9194,1.8598,9.1169,7.6181,6.4939,6.2533,9.5424,6.5583,6.0274,9.4191,7.361,3.1476,9.7175,3.8641,3.3655,3.4024,8.5919,6.9227,9.1725,3.9405,4.7112,6.5781,2.7336,9.068,3.772,2.6411,7.216,0.1253,2.939,8.5524,8.5094,1.6996,0.0487
4.7316,2.0044,2.27,4.4142,8.9193,8.8327,5.9523,3.6244,6.0711,4.8837,5.9429,9.1209,1.6694,2.8984,7.4758,8.3504,9.4453,9.088,6.9496,6.1458,0.3155,2.0019,3.0406,9.5186,2.2229,2.5594,2.3303,0.4093,6.9088,3.8931,8.5274,0.4657,2.1415,1.3326,4.9038,6.0683,6.3279,3.4829,7.0787,5.3419,7.1732,4.9646,9.6948,6.4525,5.4545,4.5663,6.563,6.1184,5.1104,3.5305,5.8257,2.9269,8.3766,0.8982,5.6914,7.4558,2.2606,1.8822,0.2673,0.5727,4.3953,3.7442,0.3512,5.7259
9.3574,9.9594,0.6178,0.4377,7.6981,6.8397,9.0283,6.6,8.1726,8.8279,5.7849,3.6091,3.0007,8.2019,2.6988,8.3323,2.0891,6.653,6.4858,8.2941,9.2632,4.3205,3.6843,3.468,5.9743,2.7135,8.6329,8.3484,3.6952,8.2154,6.4501,0.9758,3.4802,4.6298,6.1738,9.9654,2.6014,9.159,6.2364,5.4122,6.921,2.4277,8.7964,0.352,5.4819,5.426,8.9065,0.7764,0.8364,5.8252,8.1083,6.27,0.2958,8.8458,9.085,1.6804,3.1106,9.6328,2.0736,3.5267,3.447,4.365,3.8239,6.599
5.2283,5.6648,6.8381,9.0045,2.3637,5.2664,9.3118,8.5406,2.0024,3.6362,3.189,7.3302,2.6369,6.08,6.8384,4.1784,8.0137,3.535,3.2513,6.7612,4.6806,7.429,1.0848,9.4097,1.6469,0.3339,4.8548,1.429,5.8248,7.8571,0.8109,1.4703,8.953,1.3148,2.5167,8.9125,3.2036,5.0995,8.0445,6.0794,1.5891,1.2681,5.4168,6.1295,7.8514,7.3852,4.954,6.5324,4.5894,1.1386,7.6292,2.5899,7.0467,9.7141,3.4547,5.2783,2.6162,3.126,9.8603,1.2822,1.906,8.7294,3.6015,6.0013
5.7021,5.7647,1.1569,1.6714,4.4165,6.3116,1.2032,6.6881,2.2052,4.9265,4.3804,3.0398,2.436,9.0073,8.9087,3.6299,5.9268,0.2692,4.8508,4.5431,2.9588,3.9572,7.9427,5.1349,8.0343,8.2478,0.382,0.5524,6.5293,2.8989,0.7171,1.7843,6.2076,4.6163,5.3554,8.4731,8.97,2.8393,4.3273,4.3322,4.9861,7.1966,8.7006,5.1549,4.3356,0.5935,6.4421,5.1847,1.9129,7.9784,0.0073,3.9886,0.5014,1.1303,4.1465,4.4261,0.9792,8.5247,1.0824,4.6539,2.4302,3.2725,4.0243,0.2969
9.3655,6.0953,6.3071,3.1164,0.33,0.9382,9.765,7.4621,7.2467,7.8181,7.5891,1.8891,0.231,8.8656,6.4007,5.9266,1.2943,0.4386,0.052,4.2829,8.3895,3.9097,4.473,6.2045,1.1469,3.9392,3.6383,9.2312,3.6956,7.4201,6.4855,4.822,5.0904,9.8226,9.2935,0.559,8.562,4.5549,2.8929,9.0152,7.4169,2.0778,8.4271,0.1246,1.0561,9.3014,2.5565,8.0739,7.8858,4.6763,9.273,0.8108,8.9131,3.4031,0.5138,5.6876,8.4712,8.0086,0.7682,4.2109,8.2002,7.434,1.4072,8.9094
2.0226,0.0022,9.3159,8.5111,8.1966,4.134,7.9514,9.8163,0.6382,8.7224,5.583,2.4184,8.1115,3.1501,5.6107,7.9329,1.3084,4.8862,8.4294,1.0226,7.8774,2.9765,0.7434,6.5331,5.7697,7.4271,5.3682,6.4395,4.2747,9.7271,0.3048,2.0985,2.5757,1.4306,4.281,9.8338,5.7891,9.4028,6.1289,1.6123,9.5316,0.513,3.7661,5.5133,4.8618,5.2665,9.3394,7.4247,7.8136,1.841,0.7578,2.8417,2.368,7.4018,8.5524,4.5629,2.3668,7.1338,2.9026,5.7031,8.26,1.1587,2.2996,7.2897
9.2505,9.3903,2.2455,5.3131,7.2791,6.3591,4.9876,5.5117,8.1717,2.968,7.3636,4.3143,8.6646,7.0743,9.2149,0.5789,4.1531,7.0825,2.9356,0.0567,7.8243,5.0681,5.2185,5.8468,0.3706,6.632,8.1542,7.1056,6.8429,8.5802,9.0778,0.3902,7.8965,2.1814,5.0164,1.3489,2.0301,3.9015,8.1172,1.6865,2.1364,1.1727,0.4909,2.489,0.8226,5.4796,6.5766,2.5488,1.5747,8.9849,6.5201,8.0828,4.8892,6.1272,0.6264,5.9309,7.2199,3.5764,3.3966,1.7139,3.2433,2.1036,3.817,0.5762
2.3971,4.3998,2.6682,5.3522,1.8503,8.3857,6.9529,1.2649,3.6442,6.6783,2.8899,6.5795,1.7716,3.0016,9.0796,6.2359,7.1227,2.895,0.0187,4.9475,3.5393,2.977,4.5548,7.0503,0.7792,1.3639,5.047,6.3832,3.0087,6.6899,3.9099,7.1608,6.6811,5.9571,9.2908,0.4152,1.4775,2.9168,9.4578,9.0145,1.2566,9.6125,3.2752,7.2257,9.0863,8.1347,6.9647,3.2382,5.1663,6.0256,7.2159,1.5821,7.1673,9.6704,3.0192,2.3024,3.9804,1.9785,5.8379,9.2988,0.4032,6.0,8.5355,1.6769
1.0898,2.7336,5.4162,2.9263,7.6107,2.7303,5.806,2.8892,9.6309,6.7534,0.3894,1.9477,0.6963,5.7395,8.7436,5.649,5.3706,1.3132,6.2701,9.907,0.8123,9.8564,6.8988,5.8996,6.6201,9.8044,9.9027,4.0514,8.7149,3.8197,0.8531,1.3102,0.3063,7.4406,3.388,1.6954,2.2183,9.8987,6.072,8.4392,0.7836,1.2549,3.2501,7.5605,5.6714,1.6541,9.0309,0.309,8.1684,1.9525,3.6696,3.8621,0.9829,4.7769,9.5036,5.7975,0.6431,7.7676,3.9865,5.0623,5.5716,1.5208,2.0094,4.2965
9.5064,1.4554,1.1593,0.8931,1.4582,5.84,0.1597,0.1466,5.5632,1.1953,0.2633,1.3151,0.1265,3.6156,2.6902,9.6987,4.1204,4.1015,2.5025,3.0893,3.8778,3.0629,2.1731,2.1936,2.6697,0.1279,7.4033,6.2425,9.5046,2.2577,4.748,6.8948,4.3093,5.6079,3.672,5.8462,7.6621,4.722,8.9575,7.0089,5.1544,4.8933,7.4639,0.648,6.8494,4.0439,9.5666,9.5056,1.3927,3.6669,0.2421,2.223,8.7252,6.6618,7.4081,8.4375,5.885,7.7081,6.2738,6.444,2.6365,7.3532,5.2452,4.3252
9.6961,7.3709,8.5104,8.6006,2.085,4.8372,9.81,7.0462,7.541,0.8713,5.9981,4.3584,9.2567,7.8161,8.3161,9.579,7.9236,0.6326,5.4553,9.8464,1.3986,0.0908,1.1347,6.1402,4.6932,1.0759,7.6487,2.7353,5.8752,7.6972,6.391,2.9671,0.352,2.6111,4.4263,0.7716,5.6348,2.0029,5.2497,9.1653,9.8849,3.934,9.7899,2.3192,7.3073,1.9304,8.0131,5.0727,7.4227,3.9951,7.6015,8.092,6.2181,5.4197,1.073,5.2948,3.3181,6.3902,8.8752,9.2296,6.2148,3.0864,4.0434,8.0994
2.6721,6.9061,3.3428,2.3184,8.2336,5.2542,7.8669,0.6777,0.1647,8.0537,3.4612,9.0818,4.8603,1.1165,9.8138,0.129,0.423,7.196,4.136,7.5349,1.6825,0.1123,0.411,6.6934,4.8083,4.0894,5.9763,5.6836,5.7338,3.142,3.3969,9.6496,1.7026,1.9668,4.8132,3.5999,1.9013,7.0608,8.9477,7.0159,1.1205,1.7098,3.2004,3.4414,5.4373,6.6029,7.7855,9.2307,5.7821,1.5035,7.7498,7.2827,3.9158,5.7028,3.2731,0.503,6.6871,6.0209,1.9569,8.2769,0.5743,2.4706,8.8003,5.351
2.3418,6.9527,2.1855,1.3883,1.8329,4.8943,4.8032,4.1592,7.3306,1.3902,4.085,9.4873,5.2021,6.042,1.3905,6.3873,3.2076,6.7403,7.4871,2.3988,0.7837,5.8655,1.3177,1.6431,4.6099,0.8936,6.4568,3.6841,5.9566,7.385,3.3155,0.0885,8.9755,1.1921,8.533,5.3553,5.1359,2.4906,5.8336,1.282,4.8875,3.9721,3.8765,9.3453,5.226,3.8852,7.2254,3.6867,9.6283,6.2214,5.7133,2.029,9.8111,1.8037,1.7299,1.5786,3.9129,8.8807,9.5148,0.8361,1.5731,1.7956,9.6662,4.8733
7.8292,1.6014,1.2409,1.1998,3.3559,4.5241,5.1564,7.5496,0.0228,5.574,3.5153,4.1196,3.4303,4.2275,0.1482,7.6431,9.0087,3.715,1.5615,4.1074,1.2255,2.7986,2.4105,0.5231,4.3603,1.3859,8.5896,7.2432,3.6435,3.9469,9.8497,5.8211,7.8752,6.0769,7.7078,1.4573,5.5982,2.887,0.5887,3.0748,4.7994,3.4121,5.8525,9.0555,7.5459,2.4983,3.1462,1.8368,5.8171,4.9878,7.8231,0.8113,6.9866,4.135,9.2544,4.8258,8.3778,7.0358,8.5257,1.021,1.5535,8.2563,5.7397,1.2134
8.1934,9.6367,3.1728,3.5278,6.709,9.945,5.9715,1.2502,0.5579,6.0491,8.2337,5.6862,1.1062,2.5136,6.5234,0.2153,5.8428,2.7595,0.5144,4.5796,6.0501,0.8429,4.473,9.8283,7.7439,8.4296,1.9975,4.4462,4.4348,2.8018,9.3826,7.4946,3.3801,8.8849,2.3576,8.7887,5.2943,9.0723,8.7394,9.9114,7.8403,9.1123,8.4346,5.8388,6.476,4.5594,6.7696,0.5758,0.005,8.7275,3.3357,0.8745,2.5773,8.3737,7.4142,8.4553,3.1657,6.7534,0.6868,0.8117,3.5886,2.8154,1.1943,2.5681
6.2966,4.8158,6.1279,1.7082,3.8947,4.5861,3.6668,3.288,9.2745,8.3123,1.4408,3.2629,5.9199,7.0368,7.3405,8.174,8.3077,3.5375,9.9791,8.1987,5.8841,2.0579,1.48,3.7709,8.0771,8.3089,9.3715,3.0422,2.7529,7.4446,9.5242,1.2669,9.0826,0.8908,5.8268,0.5924,0.1612,6.1678,3.2506,5.1531,5.8803,7.0618,1.186,3.5503,5.0906,7.7523,9.653,8.736,3.4565,7.7023,1.2283,0.2398,7.2006,9.3211,9.3657,4.0986,3.975,3.4747,6.6898,4.7653,0.022,4.2782,1.8622,9.1407
3.6321,1.9701,1.6486,6.5394,7.7329,3.3746,6.6147,2.4125,2.9127,5.3124,2.5889,7.7032,0.1222,7.4989,3.007,7.9684,2.1973,9.9504,3.7858,4.6118,1.9338,4.8814,3.8142,5.2163,4.1556,4.8698,7.6098,1.4416,3.9684,3.8486,3.243,6.0873,1.7596,0.0511,4.2403,6.4944,3.9612,8.5061,0.8764,6.9238,5.8447,7.9725,5.8333,8.8802,8.522,0.8635,4.0817,7.1243,4.1217,1.2387,6.5749,6.2156,7.7735,5.7814,9.6001,7.9909,1.1008,4.5089,4.7646,5.5876,5.8626,8.4699,5.5375,4.8467
1.9455,4.4775,0.7712,7.4308,6.9602,6.2719,3.0473,8.7234,9.5326,9.049,7.9945,1.1012,6.1324,2.7854,4.1093,5.154,1.1945,6.0608,8.0487,4.6559,2.4726,7.89,0.8575,1.9201,7.2431,8.7404,8.9666,5.7004,0.6171,4.0655,6.3524,8.0849,1.2113,2.0214,7.2503,2.163,0.0588,9.7665,7.4412,8.111,2.4333,3.8006,3.2266,9.5096,1.0331,4.3494,1.1894,9.2865,9.4189,0.2575,9.1389,7.8373,3.7054,0.8968,9.816,9.1058,3.9715,1.1014,8.9728,7.4423,1.4167,1.7381,2.1484,9.2769
9.4112,4.8467,7.9984,4.2916,6.7232,9.4021,9.1162,4.3607,3.9225,1.4735,9.5215,5.4911,5.6553,6.6404,2.211,1.7221,6.5045,6.3651,4.6138,8.7062,2.0616,1.7765,7.6271,9.3381,8.7699,3.619,8.8494,8.1891,1.6828,2.6184,8.1893,1.481,4.1311,6.4804,0.803,8.979,5.2701,8.8375,0.3755,0.9118,0.3756,6.9514,8.7717,4.5731,8.527,3.2258,7.8625,0.5924,8.1863,9.9121,2.5356,4.6129,0.7154,5.0196,9.8574,1.8746,9.5512,9.4595,4.9095,4.7905,1.2178,6.2631,2.1404,5.6843
0.1793,6.1187,2.3184,3.5489,1.7077,5.2624,2.1553,5.4177,8.3443,0.9194,5.7034,4.821,5.3715,6.5843,4.8578,2.7248,6.482,4.4865,4.0175,7.7851,5.8423,6.2359,8.9533,4.7734,4.8201,3.3111,9.0772,1.8281,4.5592,8.3697,9.2547,3.1654,1.7501,7.5038,1.3002,5.6564,1.1877,8.5745,5.7686,3.2791,8.6168,7.1383,3.6076,9.998,9.4045,1.5441,4.9634,3.5355,6.9372,1.0973,6.4375,2.094,0.8913,7.3009,5.5532,6.2606,8.9171,0.5609,4.9776,8.6257,9.4073,4.8138,3.8858,5.2683
1.806,1.6487,7.8909,0.4541,3.7438,6.4481,8.2148,2.3196,6.0947,7.1833,8.3238,9.4271,6.0928,8.897,1.8329,2.9692,7.472,2.6221,6.2768,7.8052,1.2536,6.6052,2.0737,2.9657,9.1798,0.0081,7.3149,5.3511,0.6639,1.6535,9.3605,1.1711,8.8555,5.6783,8.7058,0.0538,7.6168,0.2858,8.2865,4.0344,4.1212,6.0054,0.6716,7.0914,6.7772,3.37,5.8756,1.3731,7.2673,1.0736,0.0022,0.8414,8.3286,1.7094,0.7655,4.4022,3.4754,3.6637,8.3397,6.6239,1.9125,5.0186,6.344,3.5761
7.7575,6.8158,1.4036,3.3554,0.8625,1.8338,3.2961,3.7329,6.8858,4.1442,4.9962,8.1591,2.0024,4.5208,4.0599,9.6719,4.5875,3.5853,7.7938,1.2389,6.9646,5.2481,1.9094,7.8366,1.3886,5.5684,6.9833,6.7171,7.4677,0.5437,0.2694,2.8898,2.768,0.7849,8.7377,2.0194,9.1595,1.6719,5.0348,7.5731,9.7236,6.364,5.0822,9.7881,0.2513,8.6265,3.0752,9.413,5.204,3.7937,9.0936,9.53,7.6775,2.0909,7.0508,4.5201,6.8318,5.1849,7.4981,7.2114,1.7202,3.3961,0.5959,3.8684
3.0911,6.2883,1.5429,9.9327,1.2044,4.8167,2.82,1.183,1.4732,0.5621,4.6184,5.9401,3.3252,9.7703,5.1933,7.619,4.3625,7.824,7.0151,8.2992,1.4226,7.3078,8.8093,6.4798,0.0819,0.8728,4.7805,1.945,0.1895,7.9878,5.0141,0.9903,6.7052,5.266,2.8109,8.9812,0.6952,0.2711,8.3929,0.1217,2.9032,0.3328,8.6208,2.3872,9.6984,7.4284,6.4472,6.6953,6.9143,1.2245,6.3979,3.3145,8.2229,8.6632,1.1066,1.9756,3.0776,2.5227,3.8941,9.413,6.6721,9.9682,5.4355,0.7445
3.031,3.1189,8.5178,5.4757,6.36,1.6903,4.6502,3.4844,6.2991,2.6328,6.7116,9.7488,1.7707,9.1817,7.6374,8.5447,0.905,6.8998,5.2596,0.0971,8.9768,1.9202,1.317,9.2954,9.4763,1.8272,8.4221,6.0397,9.6386,8.1878,5.52,1.5227,7.4677,9.899,3.2891,8.6786,5.5625,9.2952,4.1768,9.3541,4.0062,1.5804,7.3795,6.8694,7.6288,4.6706,3.5068,6.624,1.2625,6.8431,0.436,2.2501,5.6085,0.2792,5.0017,2.6702,7.2544,7.7127,6.4889,9.6509,3.5256,3.0942,8.9504,3.2754
2.5707,7.8126,0.8242,3.5512,1.6757,6.6471,7.4478,1.5881,9.5018,4.4575,5.0474,5.5464,3.8916,0.9338,2.568,6.0038,3.9392,5.0866,6.287,1.7286,9.5493,4.4602,7.8712,7.6317,6.934,1.2585,4.3671,7.8817,0.3248,9.4689,2.4297,0.0331,8.7375,7.3237,5.7655,3.0681,9.3859,7.389,7.4363,3.8418,8.2063,7.0565,8.876,3.6989,3.3646,8.0959,1.2213,6.7683,2.1918,2.5832,5.3564,8.9072,4.3771,5.0945,1.1215,0.474,7.7226,4.9529,1.4033,8.1457,3.9064,1.9318,9.9934,6.5227
4.7721,5.4851,1.3841,2.6157,9.8334,6.3233,5.356,6.7426,9.2351,9.6627,0.4885,7.6306,4.4712,3.8448,3.841,4.2684,6.6926,8.809,5.8885,6.5276,0.5286,0.2092,9.4366,5.2561,0.0193,1.1405,0.5003,0.5912,4.6142,9.8504,7.8099,7.2808,6.7787,5.2972,3.8055,1.7038,3.8393,2.7066,8.4089,0.7177,1.6456,3.6499,2.1097,0.2421,7.8307,2.0079,9.4334,6.8488,3.1963,3.7714,7.8823,9.018,9.9727,5.2842,0.8851,1.4223,0.9599,7.134,6.3772,6.2918,1.4942,0.3882,8.5536,5.7286
4.1418,5.8164,3.9057,3.6908,5.6723,7.8856,0.1125,3.2062,9.9643,5.0331,2.6273,8.6873,8.1241,4.1485,7.8749,9.5725,0.6429,8.5799,3.2433,7.7538,2.4006,4.1342,7.5353,7.6577,6.241,6.8823,1.4359,5.8477,8.9187,5.9805,7.3283,3.5523,9.0603,6.1797,6.8584,2.8591,2.6335,5.3846,1.3211,4.6762,8.2669,2.1286,3.9706,6.2862,3.9573,9.0096,3.746,4.1609,8.9721,4.7456,1.3273,5.9438,6.7091,8.9749,8.256,7.5531,6.8164,2.7767,0.7917,1.8984,8.6187,4.8336,4.954,8.8114
8.6386,9.9034,4.9989,9.9447,5.983,9.6031,9.7974,3.3747,0.8941,2.3532,6.7187,1.2647,1.2785,1.2656,0.1391,5.8612,5.1529,1.9649,7.4073,7.2469,6.1995,0.7826,1.0675,4.3327,6.7005,1.4377,0.8513,5.8075,1.5994,0.2923,3.0996,6.23,9.5217,2.0826,2.4625,2.2308,5.1256,5.3836,9.6637,4.9834,8.5499,0.9814,3.9621,9.2417,1.5761,7.5151,6.5515,0.874,4.146,7.2716,7.92,1.7165,6.2844,2.1584,0.3316,6.9888,8.8697,6.2891,2.1811,0.7524,2.0955,6.4575,9.3153,6.7594
0.7803,4.7856,9.9333,1.6256,5.1111,5.7417,4.2413,7.3389,7.3848,3.7723,4.8592,5.636,3.9997,8.6487,9.5409,6.8374,8.2817,8.1686,8.6273,5.9251,9.6229,0.2415,2.1654,8.5331,5.028,3.5059,1.6889,3.3822,2.8519,2.3123,4.9946,1.7757,3.6169,1.465,5.5566,0.2181,9.8544,2.7383,0.0071,9.3944,9.9663,5.2389,7.2855,1.8067,9.0341,1.8445,1.4883,6.1335,6.6923,6.3144,3.0287,4.407,0.666,9.8764,0.7174,4.8997,4.5785,3.3198,8.082,1.3803,8.0624,6.2745,2.6744,4.0403
3.7394,5.3625,3.0968,6.1926,0.4465,8.723,4.0941,2.9936,4.5957,2.461,4.8317,1.019,5.6059,3.3,0.8832,2.2287,7.2687,6.689,3.6417,5.6783,4.0154,5.2422,9.0133,8.628,5.267,7.6671,4.5108,3.1881,5.9227,8.3921,3.3287,5.7715,1.357,9.7657,0.282,9.2242,3.0625,9.6874,6.3991,0.0745,5.7627,7.7627,2.8387,7.9999,4.429,2.2874,7.0292,3.3003,5.0717,1.5042,8.1616,9.1966,2.6906,0.2496,4.3289,2.5264,7.2467,4.1825,1.3122,9.4037,5.4743,2.0255,0.9483,0.9956
9.1731,2.2481,3.3325,1.3819,7.9105,5.4657,4.3384,2.161,0.2948,7.3038,6.1924,0.8703,8.0945,1.0307,2.0429,6.4057,7.4021,1.2979,6.7248,8.5882,7.9231,3.6527,8.7842,3.2432,4.9357,7.7283,1.4378,1.2056,6.878,9.955,4.0444,9.9751,0.452,1.9158,5.9735,4.7278,1.5867,1.8679,1.8513,8.3671,2.9704,3.8284,1.0568,3.7783,4.8971,3.5549,2.173,2.5632,6.0453,3.4065,3.1404,0.5955,5.9032,8.6984,0.5541,3.1323,7.9505,6.8171,2.6942,6.5717,9.6881,8.6922,5.4546,7.6553
3.9039,6.5542,2.9914,8.6524,9.0463,8.5534,0.0151,6.0477,0.1565,4.9563,0.3134,8.884,6.7663,8.7055,0.2395,3.701,5.3559,5.2326,2.2017,4.7014,6.0679,9.0118,1.1663,5.9919,9.3071,3.5475,3.8525,9.4708,2.7251,1.2273,4.273,1.2522,1.2023,3.2074,4.5121,6.1587,4.527,5.0847,1.1106,2.2639,6.3362,6.6957,5.787,3.4859,5.2727,4.0314,8.4441,1.378,5.3211,2.7498,3.8203,8.312,1.2553,4.96,8.1843,1.348,4.697,4.5056,9.6956,2.3113,9.895,1.2559,5.5916,1.6693
